011110111101
011110110000
011110110111
011110111001
011110110111
011110101100
011110110110
011110111101
011110101101
011110111010
011110111001
011110101010
011110101001
011111011010
011110111011
011110111010
011110110101
011110110100
011111000001
011110100110
011111000000
011110100111
011110110000
011110111111
011110110100
011110110011
011110111110
011110111001
011110011111
011110110000
011110100111
011110110011
011110100100
011110111100
011110111100
011110110110
011110111011
011110100101
011110110100
011110110010
011110101011
011110100111
011110110101
011110110111
011110111100
011110111000
011110110011
011110111011
011110101100
011110100111
011110101101
011110111111
011110100011
011110111110
011110110010
100000000100
011110111110
011110101111
011110101111
011110110010
011111000010
011110110011
011110111010
011111000010
011110111000
011110110101
011110111000
011110101001
011110101010
011110100000
011110101101
011110111001
011110111010
011110110110
011110110101
011110110100
011110101010
011110101000
011111000011
011110101111
011110110111
011110111000
011110111011
011110111100
011110100010
011110110110
011110110000
011110101111
011110111111
011110111010
011110110100
011110111010
011110111101
011110110001
011110101111
011110100010
011110101101
011110110000
011110100111
011110110101
011110101111
011110110100
011110111101
011110111000
011110101110
011110111110
011110110100
011110111011
011110110110
011110101101
011111000100
011110111001
011110110100
011110101011
011110110111
011110101110
011110110100
011111100001
011110110011
011110011011
011110111100
011110110000
011110110000
011110110000
011110111110
011110111110
100000000010
011110110111
011111000110
011110101101
011110110001
011110101011
011110101111
011110110110
011110100100
011110101100
011110111010
011110110101
011110110011
011110110011
011110101111
011110100110
011110101111
011110101010
011111000101
011110111000
011110110001
011110110011
011110101101
011111101110
011110101111
011110111100
011110100101
011110111000
011110111001
011110101011
011111000000
011111101001
011110110000
011110101111
011110101011
011110110011
011110110110
011110111001
011110111100
011110110100
011110101100
011110101011
011110110101
011110110001
011110100111
011111010001
011110110010
011110110010
011110100111
011110101101
011110110101
011110100011
011110110100
011111000000
011110001010
011110110011
011110111011
011110101111
011110011001
011110110011
011110101011
011110110000
011110111000
011110110111
011110110010
011110111001
011110110110
011110111001
011110110101
011110111011
011110101100
011110101011
011111001011
011110111000
011110111010
011110101110
011110111110
011110010100
011110110100
011111000111
011110110101
011110110101
011110111010
011110111011
011110101001
011111000100
011110110110
011110111111
011110001111
011111001100
011110110000
011110110001
011110111001
011110111110
011110101111
011110101101
011110111010
011110110000
011110110001
011110010010
011110111011
011111001110
011110111000
011110111110
011110110111
011110011111
011110101011
011110101111
011110100100
011110101000
011110110110
011111000110
011110110010
011110101111
011110110111
011110101111
011110101111
011110110110
011111001010
011110101001
011110110010
011110111010
011110101111
011110110110
011110101100
011110110111
011110101100
011110101011
011111000000
011110110101
011110110100
011110100100
011110111011
011110111101
011110101110
011110100011
011110110010
011110101010
011110111010
011110110010
011110110011
011110110101
011111001100
011110110001
011110100100
011110101101
011110110000
011110111010
011110110100
011110110010
011110000000
011110101111
011110011110
011110010110
011110110100
011111100100
011110111000
011110110101
011110111011
011110110001
011110011111
011110101001
011110101110
011110100110
011110110101
011111010000
011110111110
011110110100
011110110101
011110110001
011110101010
011110100110
011110100010
011110110011
011110111011
011110111111
011111000000
011110111010
011110101110
011110101011
011110101010
011110111010
011110111000
011111000101
011110111001
011110101110
011110111010
011110111101
011110110101
011110101110
011101110011
011110111010
011110111100
011111000010
011110110100
011110101111
011110100001
011110110000
011110101110
011110101010
011110111000
011110111011
011110110101
011110111111
011110111000
011110100111
011111000100
011110110011
011110110011
011110011111
011110101011
011110101111
011110111111
011110101111
011110110000
011100000100
011110101111
011110101011
011110100110
011110101010
011110110110
011111001011
011110111001
011110111011
011110101010
011110011011
011110100000
011110011111
011110110011
011110111000
011110111111
011110101111
011110101100
011110111001
011110110011
011110101010
011111001010
011111000000
011110110111
011110111000
011110111000
011110110110
011110110111
011110100011
011110110000
011110110011
011110101000
011110110011
011110110111
011110110111
011110101001
011110101111
011110111010
011110101001
011110101010
011110110000
011110110011
011110110111
011110110000
011110101101
011110111101
011110101110
011110110011
011110101100
011111110010
011110101100
011110110110
011110110100
011111001001
011110111110
011111000100
011110101111
011111010110
011110111100
011110101111
011110110010
011110111000
011100101100
011110111001
011110101011
011110100110
011110101111
011101111011
011110101110
011110101100
011110110000
011110000001
011110101010
011110101111
011110101011
011110101110
011110101111
011110101001
011110111010
011110111100
011111011011
011110110011
011110101111
011110110010
011110110010
011110110010
011110111111
011110111011
011110110100
011110111000
011110101111
011110110010
011110111110
011110101000
011110101011
011111001000
011110110111
011110110111
011110111001
011110101111
011110111111
011110110001
011110101011
011110110011
011110111100
011110111001
011110111111
011110111000
011111000110
011110110011
011110110111
011110110010
011110010001
011110101111
011110110101
011110111101
011110111000
011110110100
011110001011
011110101010
011110101111
011110111000
011110111010
011110111000
011110011111
011110101111
011111000000
011101110100
011110110010
011111010011
011110101101
011110101010
011110110000
011110101011
011110110011
011111000000
011110111000
011110110000
011110101110
011110011011
011110101010
011110100101
011110100101
011111000001
011110111001
011110101110
011110101010
011111000000
011110101011
011110110010
011110101111
011110100111
011110110100
011110111010
011110110100
011110100001
011110111010
011110101001
011110101110
011110111000
011110110000
011110110110
011110110110
011111000011
011111001110
011110111000
011110101100
011110101011
011111001101
011110101110
011111000010
011110110011
011110101011
011110101011
011110110010
011110101010
011110101000
011110011011
011111010011
011110101100
011110110100
011110110111
011110011111
100001011000
011110110000
011110001001
011110110000
011110101001
011110110100
011111000010
011110110001
011110110010
011110101000
011110011111
011110101101
011110101100
011110101110
011110111110
011110101000
011110111000
011110111001
011110110110
011110111001
011110101000
011111001001
011111001001
011110101101
011111001100
011110110000
011110111111
011110110010
011110100111
011110110000
011110110101
011110110101
011110110111
011110110110
011110111111
011110110101
011110111010
011110110101
011110101011
011110101011
011110111001
011110111100
011110101101
011110110011
011110110110
011111010100
011110110011
011111100011
011110111001
011110101011
011110110011
011110101100
011110110010
011110111010
011110101011
011110101011
011110101111
011110101111
011110111010
011110100101
011110110111
011110111010
011110111001
011110011111
011110100001
011110101001
011110101011
011110100111
011110111110
011110101111
011110111111
011110110000
011110111000
011110111010
011110101011
011110101110
011110110101
011110110000
011110111100
011110100100
011111100100
011110101011
011110110010
011110100100
011110110111
011110101001
011110101011
011111100001
011110111101
011110101101
011110110010
011111000100
011110110100
011110110011
011111000011
011111000010
011111000101
011111000010
011110110111
011110100010
011110101101
011110101110
011110101100
011110101000
011111001011
011110101111
011110111101
011110111100
011110110110
011110111000
011110101111
011110110000
011110011101
011110011010
011110110011
011111101100
011110110111
011110111111
011110100011
011111100001
011110110011
011110100001
011110100111
011110010100
011110110001
011110110001
011111001111
011110110100
011110101000
011110101111
011110101100
011110101111
011110111101
011110111011
011110111010
011110111001
011110110100
011110110001
011110110100
011110101111
011110110111
011110110010
011111100011
011110111100
011110110101
011101011111
011110001011
011110111011
011110110100
011110110101
011110111001
011110110111
011110110110
011110110110
011110110100
011110101111
011110101001
011111000101
011111001010
011110011100
011111000010
011111000000
011110101011
011110111001
011110110100
011110101111
011110110000
011110101101
011110110110
011111000110
011110111010
011110110001
011110111000
011111000011
011110101011
011110100101
011110101110
011110110010
011110101101
011110111011
011110111100
011110110001
011111000100
011111000001
011110101011
011110101010
011111011000
011110101111
011110110111
011110101001
011110110100
011110101101
011110101111
011110101000
011110110011
011110110001
011111000110
011110111100
011110111100
011110110001
011100110100
011110110011
011110011011
011110101111
011110101110
011110111001
011110110100
011110101111
011110110110
011110101000
011110110000
011110101111
011110100101
011110101110
011110011000
011111000100
011110111010
011110111000
011110101111
011110101111
011110101110
011110101000
011110101011
011110111011
011110101011
011110111100
011111000010
011110101110
011110101010
011110111000
011110101110
011101011001
011110111000
011110111110
011111000011
011110110001
011110111000
011110111111
011110110100
011110101010
011110011110
011110011011
011110110001
011110110110
011110101100
011110110101
011111000001
011110101111
011110110010
011110011000
011101100010
011111000001
011110111101
011111000101
011110110100
011110110110
011110101110
011110101110
011110100000
011110110111
011110111000
011110111011
011111000101
011110111001
011110111000
011110111110
011110110101
011110110010
011110101111
011110101100
011110110110
011110111111
011110110111
011110101111
011110111100
011110101011
011110110110
011110000101
011110110110
011110101111
011110101111
011110110100
011110111111
011110101011
011110010011
011110101100
011110101110
011110110110
011110110111
011111000101
011110111001
011110111001
011110101010
011110111000
011110110101
011110101100
011110100011
011110111000
011110110111
011110111110
011110101010
011110111111
011110111110
011110110110
011110100111
011110111100
011110110100
011110110100
011110110011
011110110100
011110110001
011110001010
011110100100
011110101011
011110101111
011110110111
011110110111
011110110011
011110111001
011111000010
011110110010
011110100111
011110101000
011110110100
011110110110
011111000001
011110101111
011110111010
011110111000
011110111111
011110110101
011110101101
011110110110
011110110101
011111001000
011110110101
011110110010
011110110111
011110100111
011101111000
011110111010
011110111011
011110101101
011110111100
011110110011
011110111011
011110110111
011111001011
011110101111
011110101111
011110101100
011110111000
011111000100
011110101011
011110110100
011110111100
011110101001
011110110010
011110111000
011110100100
011110100011
011110110010
011110100000
011110110000
011110100100
011110110010
011110011100
011110111001
011111000100
011110111101
011110110110
011111000110
011110101110
011110101110
011110110110
011110110010
011110101001
011110110010
011110110111
011110110110
011110110100
011110110011
011110110010
011110101011
011110100000
011111001011
011110100011
011110100011
011110110100
011111000110
011110110110
011111000000
011110110000
011110110000
011110110000
011110110101
011110110110
011110110011
011110110111
011110111111
011110101100
011110101100
011111001001
011110100101
011110101100
011110101000
011110110110
011110010000
011110111000
011110111011
011110101010
011110100001
011110101001
011110101100
011110111011
011110101111
011110111111
011111011000
011111000110
011110101111
011110011100
011110101100
011110111011
011110100001
011111001101
011110111111
011110111100
011110111110
011111000101
011110101111
011110101010
011110101011
011110010110
011110011111
011110101001
011110110010
011110111000
011110101111
011110101111
011110110101
011110110001
011110101010
011110101011
011110110100
011110111010
011110110010
011111011001
011110100100
011110111001
011110100110
011110101010
011110101100
011111001000
011110111111
011110110011
011110110101
011110011110
011110101101
011110101111
011110110001
011111000011
011110100111
011110110101
011110111011
011110110000
011110111000
011110101010
011110101100
011110101111
011111001101
011110110011
011110111111
011110110011
011110110010
011110011110
011111000010
011110101100
011110101010
011110100111
011110110010
011110110011
011110110100
011110110110
011110101110
011110110100
011110101110
011110101111
011110110011
011110101010
011110101110
011110111111
011110111110
011110101011
011110111101
011111100000
011110100000
011110100011
011110110011
011110110110
011110111111
011110101011
011110101111
011110100100
011110010110
011110101110
011110100100
011110101111
011110101100
011110111011
011110110001
011110110110
011110101000
011110110000
011110110010
011110110110
011110101100
011111000001
011110111001
011110111010
011111000001
011110101100
011110110010
011110101011
011110101111
011110100001
011111000000
011110111000
011110111000
011110111001
011110111010
011110110011
011110101011
011110011010
011111000001
011110111001
011110110010
011110111001
011110110100
011110101011
011110110110
011110101010
011110101111
011110111101
011110111000
011110111111
011110111010
011110110011
011110110011
011110011111
011110101110
011110100010
011111111011
011110101110
011110101110
011110111000
011110111010
011110110110
011110101000
011110110011
011110101111
011110110001
011110110111
011110111110
011110110111
011110100110
011110110100
011111000010
011110101100
011110110100
011111000011
011110010011
011110110101
011110110010
011111000101
011110101101
011110111010
011110101000
011110111010
011110010111
011110110101
011110111011
011110111101
011111011100
011110100100
011111000011
011110110011
011110101110
011110110010
011110110101
011110111111
011111101100
011110111110
011110110010
011110101101
011110110011
011110110011
011110110001
011110011101
011110110011
011110110111
011110110010
011110011111
011110101110
011110101011
011110101111
011110100010
011110101110
011110111010
011110111001
011110110000
011110110110
011110110111
011110110001
011110111000
011110101100
011110101110
011110101111
011111000010
011110110000
011110110110
011110110111
011110101111
011110101011
011110101001
011110110110
011110101111
011110110011
011110110111
011110111011
011110101110
011110110010
011110110100
011110101111
011110111101
011110101101
011110111110
011110111111
011110110010
011110110101
011110101011
011110110011
011110110001
011110101111
011110100011
011110101010
011110111110
0111