010101111000
010101111010
010110000010
010110000001
010110001110
010110100101
010101001010
010110000101
010101111101
010101111101
010110001010
010101111000
010110010110
010110000001
010101111111
010101110110
010101110001
010101111101
010101110000
010110000100
010101111100
010101110101
010111010000
010101111101
010101111010
010110000001
010110000000
010101111110
010110000001
010101111101
010110000000
010101111000
010101111101
010101111101
010101110111
010101110110
010101101110
010110000010
010110000100
010101111010
010101111111
010101111110
010110000001
010101011101
010110001000
010110000111
010110011011
010101111110
010101111010
010110000001
010101111101
010110001010
010110000001
010101110100
010111000000
010101111101
010110000001
010111100101
010110000010
010101111101
010110000111
010110000100
010110000010
010101111110
010101111010
010110000010
010101111101
010101110101
010101101111
010110000000
010110000111
010101110100
010101111010
010110000001
011000001011
010110000101
010101110110
010101011000
010110000101
010110010100
010110000111
010110001000
010101101100
010110010110
010101111010
010101111010
010110000001
010110000100
010101111000
010110000101
010101101001
010110001101
010111001100
010101111101
010101111101
010110000110
010101111000
010110000010
010101111001
010110000101
010101111101
010100111110
010110000000
010101111101
010110000010
010110111110
010110000100
010110000000
010101111110
010101111110
010101111011
010110000001
010101111100
010110011101
010101111001
010101100011
010110000001
010110001111
010101110100
010101001111
010101110011
010110000101
010101111100
010110000011
010101111101
010101110100
010101010000
010110000010
010101111000
010101011101
010110000010
010101111101
010101111001
010110101100
010110001000
010110000000
010110000011
010101101000
010101111000
010101111100
010101111101
010110000010
010110000010
010101110111
010101100111
010100111101
010110110111
010101111100
010110000010
010101111100
010110000101
010101010010
010110000000
010101111110
010110000011
010101111001
010110010001
010101111101
010110000001
010101111111
010101110010
010110010001
010110000000
010101111111
010110111000
010110001010
010101111101
010101111101
010110000000
010101110101
010110000001
010101111101
010101111011
010110001001
010110000001
010110000001
010101111101
010110001101
010101111000
010110000001
010101111011
010101100110
010101111100
010110000001
010110000011
010110000000
010110000100
010110000001
010110001100
010101111101
010110000100
010101111101
010101111100
010101110011
010110000101
010101111010
010101110000
010101101111
010101111011
010101111111
010101111000
010101110001
010110000001
010110000011
010101111101
010101111010
010101100100
010110000000
010110000101
010110000001
010101111001
010101111001
010101101100
010101111100
010101111100
010101110011
010110000000
010101111001
010101111010
010101111100
010110000000
010110000000
010101111010
010101110100
010110000001
010101111101
010101111101
010101111110
010101111001
010101111101
010101111000
010101110101
010101111100
010110000011
010110100111
010110101000
010101111011
010101110111
010110011101
010101111100
010101111100
010101111100
010101111010
010110001101
010110000010
010110000100
010101111101
010110000010
010101100000
010110000000
010101111101
010101111101
010101010010
010101111100
010101110101
010101111101
010101111010
010101111101
010101110100
010101111101
010101111101
010110001110
010101010000
010110000000
010101110011
010101111011
010110000101
010101111011
010101111101
010101111101
010110000000
010110011000
010101100010
010101110000
010110000100
010101110011
010110000000
010101110000
010101111100
010110000011
010101111010
010111001001
010101111101
010101110000
010101111101
010111011011
010101101100
010101101100
010101111101
010101111001
010101111001
010110000000
010101111101
010101101101
010101111001
010101111110
010101111011
010101111101
010101000000
010110000001
010101101011
010101111110
010101111111
010110111000
010101111010
010101111110
010110000001
010101111111
010101110011
010110000100
010101110000
010101111100
010110010001
010110001001
010110001001
010110000101
010101111110
010110011010
010110100001
010101011001
010101111110
010110010001
010101111001
010110000000
010110000001
010110011011
010110010010
010101111101
010101111001
010101111011
010110000001
010100101100
010101110000
010110110110
010101111111
010101010000
010101100101
010101110111
010110000100
010110000101
010100110011
010100010011
010110000010
010101111100
010110010101
010100011111
010110101110
010101111100
010110000000
010110000010
010101110000
010101110100
010101111000
010101111100
010110000010
010110000111
010110000100
010101111010
010110100011
010101110100
010111010001
010101011000
010110000110
010101111100
010101111101
010101100010
010101111101
010110000000
010101101101
010101100000
010110000100
010101110111
010101111111
010101101101
010101111000
010101111010
010110001101
010101111001
010101111001
010110000101
010110000000
010101111111
010101111000
010110000010
010101111010
010110000001
010101011011
010110000001
010101100001
010101111101
010110000001
010100110011
010101111101
010110000010
010110000010
010110000001
010100101100
010101100111
010101111100
010101111110
010110000110
010110100011
010101111011
010101111101
010101110010
010110000111
010101111111
010110000000
010110000010
010101111101
010101101010
010101111010
010110000000
010110000111
010101111010
010110001000
010110010001
010101111101
010101111101
010101111111
010111001000
010110000000
010101111111
010101111010
010101100111
010110001001
010110000001
010110010111
010101111010
010110000000
010101111100
010101111110
010110000101
010101101101
010110011110
010110000010
010101111101
010110001001
010101100000
010101111101
010101110101
010101111110
010110000001
010101101110
010101111101
010110000010
010110000000
010101000100
010110110110
010101111000
010101111101
010110100010
010110000010
010110000001
010101111110
010101111101
010101111110
010100101101
010101110110
010110000010
010101111000
010101111101
010101111111
010101111011
010110000001
010101100100
010101111000
010101111100
010110001000
010100010010
010110000000
010110000000
010110000001
010101111100
010110100000
010110110000
010110110000
010101111010
010101111101
010101111101
010101101010
010110000111
010101111110
010110000000
010110000011
010110000001
010101110101
010101111111
010101111111
010101111101
010101101010
010110000000
010101111111
010101101111
010101111101
010101111110
010101111101
010110000000
010101101101
010101001001
010110000010
010110010101
010110011111
010110001001
010101101111
010101111101
010110001110
010101111100
010110000001
010110000011
010110001010
010101011000
010110000001
010110000001
010110000000
010110010001
010101110010
010101111001
010101111000
010101111101
010110001100
010110000010
010110001000
010101111101
010101111100
010101011011
010101011111
010110000100
010110000000
010101110110
010101111010
010101111100
010101111010
010101111101
010110000101
010101101001
010110000000
010110000110
010110001110
010101111101
010101111101
010110000010
010110001001
010101110000
010110000001
010110000010
010110000001
010101111101
010110000000
010101101110
010110000000
010101111011
010101111001
010110000000
010110000010
010101111101
010101111001
010101111101
010110011110
010110000011
010101111110
010110000000
010110000100
010101101110
010110000110
010110000010
010101111101
010110000001
010101110101
010101111101
010110001000
010101110000
010110000000
010101111100
010110000100
010101100011
010110010011
010101111101
010101010110
010110001001
010110001001
010110000110
010101010111
010101111101
010110000001
010110000100
010101110101
010101111101
010101111101
010110000010
010101111110
010110110001
010100011000
010101111101
010110011000
010110101100
010101101100
010101101111
010110000100
010101111010
010101100100
010110000101
010101111101
010110000001
010110011001
010101111000
010110000001
010101111111
010101111100
010110001111
010101110110
010110000100
010101111010
010101111010
010101111100
010101111101
010110000100
010101101101
010101110000
010101110110
010110001000
010101111011
010110100010
010110001010
010110000000
010101111001
010111111000
010101111101
010110000000
010101111001
010101111101
010101111001
010101011000
010110000010
010110000101
010101111011
010101110001
010101111010
010110001100
010110011100
010101111100
010101110011
010110001100
010101111101
010101111001
010101111101
010101111011
010101111100
010101111100
010101010101
010101011011
010101111111
010101111101
010110000000
010110000001
010101111101
010101111010
010101101100
010110000011
010101101101
010101110110
010110100010
010101111110
010101111101
010110001001
010110010011
010110000111
010110000000
010101111101
010110000111
010101111110
010110000001
010110001000
010110000001
010101111111
010110000111
010110010110
010101111111
010100101100
010110011110
010110000000
010110000100
010110000110
010110101011
010101110011
010101111100
010110000010
010110001011
010101111110
010101111110
010101111001
010110000011
010110000001
010110000000
010110000011
010110000000
010101111101
010110001100
010110000111
010101111010
010101110000
010110011011
010111010000
010101111101
010101111001
010101111110
010110000000
010110001001
010101111101
010101111101
010110001110
010101111000
010101110001
010101111100
010110000000
010101111110
010110000000
010110011110
010110001000
010101110000
010110001101
010110000100
010110000000
010110000001
010110000000
010101101000
010110000010
010101111100
010101111101
010101111111
010101110111
010101111011
010101111101
010110000010
010100110000
010110011000
010101111101
010110000010
010110000110
010101110001
010110001010
010110000110
010101110010
010101111111
010101111101
010101111101
010101111110
010101110101
010101110010
010110001110
010101111100
010110000001
010101011100
010110100001
010101111111
010110000001
010100110101
010110000011
010101111010
010101111101
010101111110
010110010100
010101101110
010110001101
010101111111
010110000111
010101111101
010101111001
010101111101
010101111110
010101111101
010110000001
010101110010
010110000001
010110001100
010101111001
010110000101
010110000000
010110001010
010110101110
010110000000
010110101101
010101111101
010101111111
010101111100
010101111101
010101111100
010110000001
010110000010
010110000011
010110001101
010110000101
010110000101
010101111111
010101111011
010101111101
010101111011
010101111101
010101111100
010101111101
010110001000
010101111110
010101111001
010101111000
010110001000
010110000010
010101111101
010110000010
010101011001
010101110001
010101111110
010101111111
010101111111
010101000000
010101110101
010101111101
010110001000
010101111110
010110000010
010101011101
010101111101
010101111101
010101111111
010110010110
010101111101
010110000110
010101110110
010110000010
010110000010
010101111101
010101101100
010110001001
010101110100
010110000110
010101111100
010110000101
010101111110
010101111101
010101111110
010101111011
010101111110
010110000001
010101111101
010110001000
010110000010
010101110001
010101111101
010101111101
010101110111
010101101110
010101111111
010110000110
010101111010
010101111111
010101101110
010110000100
010101111110
010101111100
010110001000
010101111001
010101010110
010101111111
010101110001
010110000000
010101111010
010110000000
010110000011
010110000101
010101111011
010101111101
010101111101
010110001010
010110000001
010110000001
010110000011
010110000000
010101111110
010101101110
010101111101
010101111101
010101111100
010110000000
010101110101
010101110000
010101111011
010110000111
010101101011
010101101110
010101101011
010101111101
010101111111
010110000000
010110001101
010101111100
010101111100
010110000100
010101111101
010101111011
010110000010
010101111111
010101110101
010101100110
010110000111
010101111101
010110000010
010101110000
010101011001
010110000001
010101110101
010101111111
010110001110
010101111100
010110000000
010110000010
010101111000
010110000111
010110000110
010110001001
010110000100
010101111101
010101110000
010110001001
010110000001
010101111011
010110110010
010110100111
010101110111
010101111100
010101100111
010110001101
010110000110
010101111101
010110001100
010101111111
010110000100
010110010010
010110000110
010101111000
010101111100
010101111110
010101110000
010100110111
010101111110
010101111000
010110000000
010110000000
010101111100
010110111110
010110000100
010110100101
010101111101
010110000010
010101110001
010101111101
010101011100
010110000000
011000011111
010101110100
010110001000
010110000001
010110000100
010110000100
010101101110
010110000101
010101111111
010110010100
010110000110
010110000001
010101111101
010110001110
010101111110
010110000110
010101111111
010101111101
010110000000
010110000001
010101101000
010110000011
010110000000
010101110110
010110000001
010101111110
010110000000
010101110011
010110111110
010110000110
010110000110
010101111010
010101100010
010101101111
010110000000
010101111111
010110010100
010110000011
010101111000
010110001100
010110000001
010110011001
010101110001
010101110010
010110000001
010110000100
010101111111
010110111110
010101110001
010110000001
010110000100
010101100010
010101111011
010101111101
010110000100
010101110110
010101111111
010101111011
010101111101
010101111101
010110111110
010110000000
