111111011100
000000000001
111111010011
111111110001
111111111101
111111111100
111111001000
000000011000
111111111100
000000000010
111111001111
111111010111
111111110011
111110010110
111111110010
111110111010
111111101001
111111100101
111111010101
111111010110
111111100110
111111111000
111110111000
111111010100
111111100111
000000001011
111111101000
111111001100
111111011010
111111101000
111111111100
111111010110
000000000010
111111110010
111111101000
111111100101
111111111101
111111111010
111111011001
111111111110
111111110001
111111101110
111111110100
111111110001
111111011001
111111101111
111111111010
111111101100
111111111000
111111001011
111111010110
111111101001
111111111101
111111100000
111111110001
111111110100
111111011000
111111011100
000000010001
111111101111
111111101101
111111111111
111111100000
111111101000
111111111001
111111101100
111111101100
111111101001
111111110001
111111100110
111111100101
111111010110
111110110011
111111010011
111111100110
111111101100
111111101111
111111100111
111111101100
111111101100
111111110011
111111110011
111111100110
111110111000
111111001010
000000000001
111111111011
111111100011
111111001101
111111101101
111110101100
111111000100
111110110101
000000000110
000000000010
111111011001
111111100010
111111101110
111111100010
111111111001
000000000110
111111110011
111110110001
000000011101
111111111011
111111100000
111111100010
111111110001
111111110000
111111111100
111111111101
000000011101
000000101100
111111100101
111111100001
111111111001
111111001100
111111010001
111111011000
111111111111
111111110000
000000011000
111111111110
111111010110
111111101101
111111101101
111111101000
111111101110
111111010010
111111100011
000000000110
111111100011
111111110001
111111101101
111111101011
111111000011
111110101010
111111111101
111111110001
111111101011
111111101111
111111111111
111111010110
111111011001
111111111001
111111100010
111111101011
000000000111
111111010110
111111011101
000000000110
111111011101
111111101111
111111100101
111111000110
111111101111
111111001111
111111100001
111111101000
111111101001
111111101001
111111111001
111111011100
111111101000
111111011111
111111101000
000000000000
111111010101
111111100110
111111110001
111111110000
111111101110
111111010101
111111101110
111110101110
111111000000
000000010100
111111100001
111111101100
111111111001
111111101111
111111110001
111111100100
111111011111
000000001000
111111110010
111111110100
111111110011
111111110111
111111100101
111111110110
111111011101
111111100000
111111111001
000000010101
111111100010
111111101010
000000000100
111111100010
111111111101
111111111101
000000001010
111111110101
111111100101
111111011010
111111110101
111111011010
111111010101
111111110000
000000000001
111111111000
111111101100
111111011001
111111100100
111111110011
111111101010
111111000110
111111100100
111111010001
111111101101
111111111100
000000000000
000000000101
111111001100
111111011001
111111010101
111111111010
111111010101
111111111000
000000000101
000000000001
111111111100
111111111100
000000000010
111111110001
111111111010
111111100000
111111100100
000000000110
111111101101
111111101000
111111111100
111111001010
111110110111
111111100110
111111000111
111110110000
000000010001
111111111100
111111111101
111111110001
111110011110
111111101001
111111010001
111110110001
000000011101
111111110110
000000000000
111111100101
000000001001
000000001010
111111001100
000000000100
111111001001
000000010001
111111101011
111111101100
111111111101
111111111011
111111101001
111111011000
111111111110
111111110000
111111110010
111111110100
000000000101
111111110111
111111101010
111111101110
111111011100
111111101011
111111010101
111111111100
111111110110
000000000011
111111110101
111111111111
111111101010
111111110111
000000001000
111111100110
111110101011
111111110001
111111100111
111111110001
111111110001
000000000110
111111101110
111111001110
111111011001
000000000000
111111010100
111111011010
000000001101
111111001110
111111011011
111111010001
111111010100
111111001100
111111001011
111111111100
111101110001
111111011000
111111111101
111111010001
111111111001
111111011001
111111000011
111111100100
111111011100
111111111000
111111000110
111111100101
111111110111
111111101101
111111111010
111111110000
000000000100
111111000000
111111100000
111111010001
111111101010
111111101001
111111011001
111111011111
111111010010
111111010000
111111011111
111111110001
000000001100
111111011100
111111101001
111111111100
111111001010
111111000010
111111010101
111111101001
111111110100
000000011101
000000001011
111111011000
111111101110
111111010010
111111101100
111111010101
111110100101
111111110000
111111111100
111111101100
111111110101
000000000010
111111010101
111111010000
111111100001
111111110000
111111111110
111111100011
000000000010
111111111010
111111110110
111111110100
111111111010
111111101010
111111100001
000000001100
000000011101
111111111001
111111100111
111111110000
000000001001
000000000000
111111100111
111111101000
111111000101
111111110101
111111001010
111111111011
111111111011
111111101110
111111111101
000000000000
111111011110
000000000000
000001001110
111111010100
111111011110
111111111100
111111011000
111111000101
111111011000
111111100001
111111100001
111111011110
111111100111
111111101111
000000000101
111111100100
111111011010
000000001011
111111110001
111111110001
111111110000
111111100101
111111100101
111111101000
111111000101
111111100101
111111101111
111111010010
111111101011
111111010110
111111111001
111111110011
111110101111
111111110010
111111100110
000000000101
111111101011
111111111001
111111111010
000000000111
111111101010
111111110111
111111001001
111111000110
111111100000
111111101110
111111100000
111111111110
111111101111
111111000011
111111001111
111111100000
111111101010
111111001010
111111100011
111111110100
111111011001
111111100101
111111000110
000000000100
000000001001
111111101111
111111110001
111110111000
111111001110
111111110101
111111111001
111111111110
111111110110
000000000101
111111110001
000000000101
111111010010
111111011011
111111101111
111111101001
111111001110
111111110001
111111111101
111111110110
111111101111
111111101001
111111101001
111110110011
111111101101
000000100100
111111110111
111111110001
111111101000
111111011010
000000000100
111111100100
000000000100
111111101101
111111010000
111111101101
000000000010
111111001001
111111011011
111111000010
111111110000
111111110000
000000011000
111111001110
111111110010
000000000001
000000001000
111111101100
111111111110
111111111000
111111101000
111111111010
000000001111
111111011110
111111111000
111111110101
111111100101
111111101011
111111111010
111111110101
000000001101
000000000001
000000010000
111111111001
111111101010
111111100101
111111100001
111111110101
000000000111
000000000111
000000101011
111111011100
111111100100
111111111001
000000101000
000000100011
111111110101
111111000110
111110001110
111111001000
111111111011
111111101000
111111010010
111111011010
111110111000
111111000111
000000001010
111111110101
111111111100
111111010010
111111011001
111111111101
111111111011
111111011101
111111001010
111111010011
111111101010
000000010101
111111000010
111111110111
111111110100
111111110001
111111110010
111111110000
111111110010
000000001010
000000010011
000000001011
111111110001
111111101000
111111101011
111111011101
111111011111
111111001001
111111101101
000000000011
111111110110
111111101001
111111101010
111111100101
111111100100
111111100010
111110110110
000000001010
111111110000
000000101001
111111111000
111111100110
111111100110
111111100001
111111010000
000000001000
111111011001
000000100100
11