011111001111
011111100010
011111000011
011110111011
100001100101
011111000101
011111000111
011111000111
011111001110
011111001010
011111010000
011110110000
011111001100
011111001011
011111000111
011111101011
011111001110
011111001011
011111001110
011111001100
011111000000
011111001101
011110011111
011111001010
011111001011
011111010110
011111011111
011111001100
011110110111
011111001101
011111010001
011111000011
011110111111
011110111110
011111000111
011111001101
011111001001
011110110111
011111010000
011111010001
011111000110
011111001101
011111010001
011111010001
011111010001
011111001011
011111001010
011111001001
011111000101
011111001010
011110111100
011111000101
011111001101
011111011111
011111000011
011111001011
011111001111
011111010000
011111001011
011111010010
011111001010
011111000111
011111001011
011111001010
011111001111
011111001101
011111001101
011111000011
011111001010
011110111011
011111101011
011111001011
011110111010
011111001111
011111001110
011111001010
011111000111
011111001111
011111000100
011111000111
011111001001
011111001101
011110111111
011111001011
011111010111
011111001110
011111001011
011111101001
011110110101
011111000100
011111111010
011111001000
011111000111
011111000001
011111000100
011111000110
011111000110
011110111101
011110111111
011111001010
011111001111
011111011010
011111001111
011111000010
011111001010
011111001100
011111000110
011111011001
011111001111
011111000110
011111001101
011111010100
011111000101
011111000111
011111000111
011111010100
011111001010
011111000100
011111001000
100000001001
011111000111
011111001111
011111000111
011111001110
011111001011
011111001110
011110111111
011111010110
011111000100
011111010010
011111001010
011111000110
011111001100
011110110011
100000010000
011111001111
011111001110
011111001110
011111000100
011111000100
011111001100
011111001101
011110111000
011111010001
011111001000
011111000110
011111000111
011111001110
011111001000
011111001111
011111000110
011111101100
011111010011
011111000111
011111010011
011111010000
011110111111
011111001011
011111001110
011111000011
011111001000
011111010010
011111010000
011110110111
011110110111
011111010100
011111001111
011111001100
011111000101
011111001111
011111001101
011100010100
011111001101
011111010011
011111001001
011111001000
011111001000
011111000100
011111001100
011111000110
011111001111
011111000110
011111001001
011111001010
011110111110
011110111111
011111000101
011111010000
011111000101
011111001111
011111010100
011111000100
011111001111
011111000101
011111000110
011111001110
011111000001
011111001010
011111001110
011111001011
011111000101
011111001101
011111000100
011111000111
011111000100
011111001010
011111001000
011111000111
011111001101
011111010000
011111000010
011111000111
011111000111
011110111101
011111010111
011111001010
011111000110
011111011100
011111001100
011111001100
011110000000
011111001010
011111000011
011111001010
011111001110
011111000100
011111001000
011111010000
011111001101
011111001011
011111001010
011111000000
011111001000
011111010100
011111010000
011111001111
011111001010
011111001110
011111011110
011111000011
011111001100
011111000111
011110111011
011111010110
011110111110
011111001110
011111010111
011111000000
011110111001
011111001001
011111000001
011111100100
011111011011
011111001010
011111001110
011111011011
011111010111
011111001110
011110111111
011111001100
011111001101
011111110110
011111010011
011111011000
011111001111
011111001010
011111010010
011111001001
011111011111
011111010100
011110001111
011100101000
011111000110
011111010011
011111010111
011111001100
011111000111
011111001111
011111001011
011111001100
011111000110
011111001111
011111010011
011111001111
011111000110
011111010010
011111001011
011111011001
011110111100
011111000111
011111001101
011111001100
011111110010
011111000100
011111000000
011111001111
011111010001
011111001001
100000000010
011111010010
011111011101
011111000010
011111001101
011111000111
011111000111
011111001011
011111001001
011111001010
011110111111
011111000111
011111000110
011111000111
011110111100
011111000100
011111000011
011111000011
011101100101
011111001010
011111001100
011111010110
011111010111
011111001100
011111001000
011111010111
011111000101
011111001100
011111011000
011111001111
011111001010
011111010001
011111010001
011111010001
011111001110
011111001100
011111010011
011111000110
011111010100
011111001111
011111001010
011111001101
011111001011
011111001011
100000001100
011111001110
011110101100
011111010001
011111000111
011111000111
011111001111
011111000100
011111101100
011111000101
011111000011
011111001011
011111001001
011111001000
011111001111
011111010000
011110111111
011111000111
011111001011
011111000111
011111001100
011111001010
011111001011
011110111010
011110101000
011111001101
011111000010
011111000111
011111001100
011111001011
011111010011
011111010111
011111001111
011111001101
011111010110
011111001100
011111000100
011111110101
011111001011
011111010010
011111001010
011111001110
011111100000
011111011000
011111100101
011110101111
011111001111
011111001100
011111100001
011111010011
011111010000
011111001100
011111010001
011111000111
011111010011
011111000010
011111001111
011111001011
011111010010
011110101110
011111010010
011111001010
011111001000
011111000101
011111010100
011111001010
011111001110
011111001111
011111000110
011111001010
011111010100
011111000011
011111001001
011111001001
011111001010
011111000110
011111001111
011111010010
011111001111
011111001111
011111000111
011111001111
011111001111
011100001011
011111001110
011111000100
011111001111
011111010101
011111001101
011111000110
011111001000
011111000001
011111010101
011111001100
011111001111
011111001110
011111001101
011111000101
011111000101
011111000100
011111100000
011111010101
011111001011
011111000111
011110101001
011111010000
011111001111
011111000111
011111001111
011111000110
011110111111
011111000010
011111010000
011111001011
011111001111
011111001110
011111001010
011111000011
011111000110
011111001100
011111010100
100000010000
011111010011
011111010001
011111000000
011111001010
011111010011
011111001110
011111001100
011110111110
011111010000
011111001010
011111001110
011111000111
011111000110
011111001011
011111001010
011111011100
011110110111
011111001010
011111001110
011111010000
011111001010
011111010000
011110111111
011111001000
011111001001
011111000101
011111010111
011111001111
011111010011
011111000100
011101001110
011111000100
011111001011
011111001010
011111001000
011111001001
011111010011
011111001100
011111000001
011110111110
011111000111
011111000110
011111010100
011111010000
011111010001
011111010001
011111000110
011111011011
011110000101
011110111111
011111000100
011111001011
011110111001
011111011111
011111001010
011111010111
011111001101
011111001010
011111001111
011111001100
011111001000
011111111111
011110110110
011111001111
011111101010
011111100001
011111000001
011111000010
011111001011
011111010000
011111001111
011111000011
011111001011
011111000111
011111001010
011111100001
011111000010
011111000101
011111001000
011111000011
011111010000
011111001100
011111001110
011111010100
011111000011
011110111110
011111001110
011111000110
011111001011
011111011110
011111001101
011111001111
011111010000
100000111011
011111000110
011111000110
011111001111
011111000100
011111001011
011111000110
011111000110
011111111010
011111001010
011111010110
011111010011
011111000101
011111001010
011111001000
011110111110
011111010111
011111001001
011111001101
011111010100
011111000101
011111001101
011111000111
011111011001
011111000111
011111011000
011111001101
011111001111
011111001111
011111001100
011111001100
011111001011
011111010100
011111001100
011111010011
011111010000
011111010100
011111010011
011111000100
011111001010
011111001001
011111001011
100000000100
011110110000
011111011011
011111001011
011111001000
011111000110
011111001000
011111001001
011111001110
011111000100
011111001111
011111001111
011111001011
011111000101
011111000101
011111000100
011111001101
011111000001
011111001101
011111000111
011111010111
011110010001
011111011000
011111000110
011111000111
011111001011
011111000101
011111001111
011111001011
011111001000
011111001110
011111001011
011111101010
011111001010
011111000100
011111001110
011111001111
011111010010
011111010000
011111001100
011111010101
011111001100
