011101001100
011101000111
011101010001
011101010100
011101000011
011101000111
011100100101
011101010010
011101000011
011101010011
011101000011
011101000011
011101000010
011101001011
011101001110
011101001110
011101001010
011101001000
011101000000
011101000010
011100111010
011101000000
011101000110
011101001100
011101000110
011101000111
011101001110
011101010001
011101000011
011101001011
011101010001
011101001011
011101010111
011101001111
011101000001
011101000111
011101011001
011101001011
011101000001
011101000100
011101010111
011100111100
011101001011
011101000001
011101000100
011100111111
011101001000
011101000100
011100111111
011101000100
011101000111
011101010001
011101001000
011101000101
011101010100
011011011010
011101001100
011101000111
011101000010
011101000111
011101010100
011101010000
011101000100
011101001011
011100111110
011101001101
011101010011
011101010000
011101010111
011100010111
011101001011
011101000010
011101001100
011101001011
011101001100
011100111011
011101010011
011101001000
011101000011
011101000011
011100111110
011101000111
011100111111
011101001101
011101000000
011101000010
011100111111
011101000100
011101001100
011101000011
011101001000
011101000110
011101000100
011101010010
011101001100
011100110100
011100111100
011101000000
011101000110
011100111101
011101010000
011011001111
011101001000
011101001010
011101000000
011101010001
011101000101
011100000011
011100111101
011101000111
011101010001
011101000001
011101001000
011101001000
011101010010
011101000101
011101001111
011100111010
011101001101
011100111101
011100011111
011101010101
011101001100
011101001001
011101010010
011100110111
011101010011
011101000111
011101001010
011101110010
011101001110
011101011011
011100101000
011100011010
011100111100
011101001110
011101000000
011100111011
011101110101
011101000111
011101000100
011100111000
011101100111
011101001100
011101001010
011101001110
011100111000
011101001000
011101000011
011101010011
011101000010
011101010000
011110111000
011100110111
011101010000
011101001011
011101000100
011101001001
011100111001
011101001000
011101010011
011101001001
011101000100
011101001001
011101001110
011101000010
011101000110
011100111100
011101001010
011101010010
011101001101
011100111111
011100111111
011101000101
011101010001
011101010111
011010101001
011101001111
011101000011
011101000111
011100110100
011101000011
011101000100
011101001010
011101010000
011101001110
011101011011
011101001111
011101000100
011100000101
011101010110
011101001110
011101000000
011101001101
011101001100
011101001100
011101011010
011101000111
011101010011
011101000000
011100110110
011101000101
011101000101
011101001110
011101001101
011101000100
011100111110
011101001011
011100111101
011100111110
011100111111
011100111011
011101000111
011100111111
011101010010
011101001110
011101000111
011101001011
011101001001
011100111111
011101001111
011100111101
011101001000
011101001000
011101001111
011101000001
011101000111
011101001010
011101001110
011100111100
011101010110
011101000110
011101010001
011101000100
011101001010
011101000000
011101010000
011101000001
011101001000
011101000101
011101001010
011101001110
011101000110
011101001001
011101000100
011101000111
011101010101
011100101101
011110000100
011101000000
011101010011
011101001010
011101001010
011101001100
011101000001
011100111111
011101001010
011101100111
011101001110
011101001111
011101000101
011101000110
011101010000
011101001011
011101010000
011101001100
011100111101
011101000100
011101000100
011101010110
011101001011
011101000011
011101001110
011100111000
011100111100
011011001000
011100100111
011100111111
011101000111
011101010001
011101000110
011101101100
011101001100
011101000110
011101000110
011100111111
011101010100
011101001010
011100110101
011100110101
011100111111
011101001000
011101000011
011100111000
011101001001
011101000010
011101001011
011101010011
011100111111
011101000010
011100111111
011100111110
011100111011
011101000000
011101000100
011101000010
011101001000
011100111101
011101001001
011101000010
011101001111
011101000100
011101000100
011101001100
011101001010
011101010011
011101010011
011101001010
011100011101
011101000000
011100111111
011100100110
011101000101
011101010011
011101001000
011101001100
011101000110
011101001110
011101001101
011101000100
011011001100
011101001001
011101001000
011101001101
011100111100
011101001111
011101000100
011100111101
011101001001
011101000111
011101010011
011101000010
011100111110
011101010000
011100101010
011101001011
011101010110
011101000010
011101001001
011101000100
011101000101
011101010011
011101001111
011100111110
011101001011
011101000111
011100100000
011101001101
011100111111
011101001000
011101001000
011100111101
011101000111
011100110111
011101000010
011101010000
011101010001
011100111111
011101000010
011101000011
011101001110
011101010000
011100110111
011101000110
011100111010
011100110111
011101010110
011101001110
011101000101
011101000100
011100001010
011101001011
011101010101
011100111100
011101000011
011101001011
011101001010
011101000101
011101001111
011101000100
011101010000
011101001110
011101000111
011100111110
011100111100
011101101100
011101000011
011101000110
011101001100
011101001001
011101000111
011101000110
011101000100
011101001001
011101001011
011101010100
011101000000
011101010010
011101000100
011101010001
011101000010
011101010000
011101001100
011101000100
011101001000
011100111111
011101010011
011101001100
011100111111
011101000110
011101000101
011100111111
011101001011
011101000010
011101000010
011101000011
011101011111
011101001110
011101000000
011101001111
011101000111
011101000111
011101000010
011101001110
011101000111
011101000000
011101000100
011101000011
011101001010
011101000010
011101010010
011101000110
011100110111
011101001011
011100110111
011101001010
011100111010
011101000000
011101000111
011101000000
011101001011
011100111110
011101001111
011101010000
011101000101
011101001000
011101000011
011101000011
011101000010
011100111010
011100111110
011101010000
011101010000
011101001100
011101001000
011101001000
011101111110
011101001101
011011010000
011101000000
011101000100
011100111000
011101010000
011101000010
011101001001
011100111111
011101000110
011101000000
011101000110
011101010000
011101000010
011101011000
011100111111
011100111011
011100111010
011101001110
011101000010
011101001001
011101001111
011101000011
011100110000
011100111100
011100010011
011101000010
011101010011
011101011000
011101001100
011101001011
011101010010
011101000010
011101001001
011101001100
011101011001
011101000100
011101000111
011101000000
011101011101
011101000110
011101001111
011101000101
011101000110
011101000111
011101000000
011101000110
011100111111
011101011010
011101100010
011101001011
011101001110
011100111110
011101000110
011101000000
011101000011
011100111111
011101100001
011101000101
011101000101
011101000111
011101001010
011100111111
011101000001
011101000111
011101001100
011101000000
011101000011
011100111111
011101000110
011100111111
011101001001
011101010011
011101000000
011101001010
011100111110
011101010001
011101001110
011101000011
011101010000
011100111110
011101001111
011101001000
011110001011
011101010001
011101010010
011101010010
011101000110
011101000111
011101001011
011101001010
011101001101
011101001011
011101000000
011101001000
011101001001
011100110100
011101001110
011101000111
011100111000
011101000101
011101000110
011011110011
011100111100
011101010111
011101010000
011101001100
011101000001
011101000001
011101001010
011101001010
011100100100
011100111110
011101001011
011101001000
011101000011
011101011011
011101001100
011101000001
011101000111
011101001011
011101000011
011101010000
011101011001
011101101000
011101000001
011101001010
011101001011
011101000100
011101000111
011101010111
011101101000
011101010100
011101001110
011101001001
011101001001
011101000000
011101010011
011101001101
011101001100
011101000011
011100111011
011101000110
011101011111
011101001111
011101000111
011100111010
011101001111
011101000011
011101001001
011101001000
011101010010
011101000110
011101000101
011101000000
011100111111
011101111111
011101000011
011101001011
011101000001
011011110111
011101011010
011100111111
011101000010
011101000110
011101001000
011101000001
011101010010
011101011100
011101001010
011101001000
011100111011
011101000010
011101001100
011100111111
011100111111
011101000101
011101011010
011101001000
011101000110
011101001111
011101000100
011101011000
011100111111
011101010011
011101001001
011100111111
011101000001
011101100101
011100111100
011101011001
011100110101
011100110111
011101001000
011101001100
011101000000
011101010100
011101000101
011101000010
011101010001
011101000101
011101000111
011101010101
011101001010
011101000001
011100111100
011101001111
011101001011
011100111111
011100111010
011101000010
011101000100
011101000110
011101000010
011101001110
011101001110
011101001110
011101001001
011101001001
011100111000
011101000010
011101001010
011101010001
011101000100
011101000110
011101001011
011101000100
011101000011
011100111010
011100111000
011100110101
011101000011
011100011111
011101000111
011101000110
011101001100
011101001111
011101001000
011101001010
011100111111
011101000001
011100111111
011101001110
011101001111
011101000100
011101001000
011101000101
011101000001
011101001010
011101001001
011101001011
011101001001
011101001011
011101001010
