111011100001
111100000011
111011101100
111011110111
111011100111
111100001010
111010111110
111011110010
111010100111
111011100110
111011101000
111011100101
111011010111
111011110011
111011111010
111011100101
111011101010
111011100101
111011110001
111011111011
111011101000
111011110101
111100001111
111011101101
111011100011
111011101010
111011110000
111011100110
111011100110
111011101010
111011110010
111011101001
111011011001
111011111101
111011100100
111011110010
111011101111
111011110010
111010111101
111011010110
111011100101
111011001011
111011011011
111011111100
111011110101
111011101111
111011101100
111011011111
111011101100
111011101011
111100001111
111101000000
111011101011
111011101111
111011100110
111100111001
111010111000
111011110011
111011101010
111011101001
111001110001
111011001010
111011101011
111110010111
111011101110
111011101111
111011110110
111011110010
111011110010
111011001111
111011110000
111011101101
111011010110
111011110100
111100100110
111011011110
111010111000
111011110011
111011101110
111011111001
111011110110
111011100101
111011101001
111101001000
111011100111
111011101100
111011111101
111100001110
111010101010
111011100100
111011111100
111011110011
111010001010
111011110000
111011010111
111011101010
111011100001
111100000011
111011101100
111011111010
111011101110
111011100111
111011010110
111100011100
111011101110
111011110001
111011100101
111011111101
111100110000
111011111111
111011101000
111100110011
111011100110
111011101101
111011101011
111011101001
111011110100
111101011000
111011101001
111011101011
111011111100
111100000110
111011100110
111011101000
111011110111
111011110001
111011101100
111011101111
111011101011
111011101110
111010111011
111011101000
111011101000
111011101110
111100111110
111100100100
111101000000
111011101011
111011111101
111011011100
111011011001
111100010000
111011101000
111011010110
111100100110
111100100111
111011101101
111011101000
111011110101
111011011101
111011101011
111011110010
111011101111
111011110011
111011101001
111011111010
111011111010
111011110111
111011110101
111011100111
111011100100
111011101000
111100000011
111011100011
111011101001
111011101110
111011101010
111011110000
111011100011
111011100110
111011110000
111011101101
111011110011
111011011111
111100001111
111011101101
111011111101
111011100111
111011101101
111011110100
111011101011
111011110001
111011101101
111011110001
111011101100
111100000100
111011110011
111011101000
111011110001
111011111111
111100011110
111011110110
111011110110
111011111010
111011110110
111100110011
111011101000
111011100101
111011011110
111011110010
111011101100
111011101011
111011111010
111011000001
111100001110
111011100111
111011110000
111011110100
111011101010
111011100100
111011111010
111011111111
111011110101
111011101010
111011101101
111011101110
111100000100
111011100011
111011111010
111100100000
111011111100
111011101101
111011110011
111011101010
111011100100
111011110101
111011101110
111100001110
111011110111
111011111111
111011100100
111011101011
111011101100
111011101110
111011110011
111011010111
111011110100
111011110001
111100001100
111011101110
111011101011
111011101111
111110001110
111011101110
111011110100
111011101000
111011001011
111011111000
111011101001
111011011101
111011110110
111011001111
111011111000
111011101110
111010011100
111011110010
111011101110
111011010111
111010101110
111011100011
111011110001
111010110100
111011101010
111011101001
111011111010
111100010011
111011111100
111011111011
111100000100
111011110100
111011110001
111011101111
111011101111
111011110011
111011110001
111000100001
111011111011
111011101101
111011110000
111011101100
111011111110
111100001111
111011100111
111011100010
111011110011
111011110100
111011101111
111011100111
111011100100
111010110111
111011110111
111011111010
111100111010
111100001001
111100000000
111011101000
111011110011
111011110011
111011110110
111011101100
111011101111
111011100101
111011101111
111011110011
111011110010
111011101111
111011001111
111100001011
111011111101
111011110000
111100011110
111011100011
111100110000
111011011111
111011100010
111010111100
111011110010
111011111100
111011110101
111011101100
111011101001
111011100110
111011110000
111011101111
111011101111
111011001111
111011110001
111011100010
111011011111
111011101100
111011111010
111011110011
111011111001
111100000001
111011110000
111011110000
111011110110
111011101101
111011100111
111011111100
111011110011
111011101010
111011110110
111011110100
111011100011
111011110111
111011110011
111011101100
111011110001
111011110111
111010111100
111011110101
111100000011
111011101110
111011011111
111011111100
111011110100
111011001001
111011101011
111011101101
111011110010
111100100001
111011100110
111100111000
111011101010
111011100111
111011101001
111011100011
111011101111
111011111001
111100001011
111011010011
111011100001
111011101111
111011110011
111010110110
111011110111
111001100100
111100001011
111011101111
111011011010
111011101110
111011110000
111011110001
111011101111
111011110000
111011110000
111011111011
111100010100
111011101111
111011100111
111011000111
111011101110
111011101010
111011100010
111100000010
111011100000
111011101111
111011110000
111100001001
111011110011
111011101101
111011101110
111011110110
111100011000
111011111101
111011100110
111011101011
111011101010
111011100011
111011110000
111011110100
111011100111
111100000110
111011101000
111011110110
111011110011
111011101111
111110010010
111011101110
111011110011
111101111001
111011101101
111100000111
111100000000
111100000010
111100001001
111011110010
111011101000
111100010000
111100001010
111011000101
111011110000
111011110000
111011110010
111011111100
111011011000
111011111101
111011110101
111011101111
111011110011
111011110000
111011110101
111011110011
111011011110
111011111010
111011110001
111011110000
111011110011
111011101101
111011111011
111011100011
111011110111
111011101111
111011110010
111011110000
111011100111
111011111101
111011111000
111011101010
111011111000
111011101011
111100001010
111011101011
111011111001
111100000010
111011110111
111011101111
111011010101
111011101110
111011101110
111011110111
111011110101
111011110001
111011111000
111100001110
111011100101
111011101100
111011100110
111011110100
111011101001
111011110100
111011000011
111011101001
111011101100
111011110010
111100000001
111011101111
111100011011
111011110000
111011110101
111100001010
111011101101
111011110000
111011110101
111010111101
111011110000
111011011110
111011100100
111011110110
111100000001
111011101011
111011101010
111011110011
111011101111
111100010111
111011110000
111011010011
111011101111
111011111110
111011100101
111011100100
111011101001
111011110110
111100000111
111011101011
111011100100
111011110000
111100000001
111011110011
111011101000
111011110011
111011101000
111011110111
111011110011
111011101000
111011110001
111011110111
111010111100
111100000101
111011110011
111011100111
111100000011
111100000010
111011011010
111011110100
111011101110
111011111000
111011101010
111011101010
111011101111
111011101111
111011110011
111100001010
111011100110
111011001001
111011101111
111100010111
111100101101
111011111000
111011100010
111011100111
111001110110
111100010011
111100000100
111010101001
111100101111
111011100101
111011011000
111011111000
111011111100
111011101110
111100000011
111100001001
111011111100
111010100011
111011110111
111011100111
111011100110
111011111111
111011001010
111011110110
111011101011
111011101111
111011101110
111011111001
111011101100
111011110111
111100100010
111100001011
111011110010
111011111001
111011101100
111011101100
111101111000
111100000110
111011011011
111011110000
111011111111
111011011000
111011100110
111011110010
111011101100
111011100101
111011001010
111011101101
111011111000
111011010010
111011110010
111011110110
111011110011
111011111001
111010111111
111011011111
111100111110
111011101110
111011101111
111011100111
111011100110
111011010000
111011101110
111011110110
111100001111
111011110000
111011101111
111011011100
111011100111
111011110010
111011001001
111011110011
111011110111
111011100111
111010111111
111011101010
111011101100
111101001110
111011100100
111011110110
111011110011
111011100011
111011011110
111011110100
111011110110
111011101011
111011110001
111011111011
111011110101
111011110100
111011100011
111011110101
111011110111
111011101111
111011111100
111100000010
111011101101
111011101111
111100010110
111011100010
111011010111
111011110011
111011010100
111011110011
111011010100
111011111100
111011101111
111011111100
111011100110
111011110010
