011101010010
011110001111
011101100100
011101011111
011101010110
011101011010
011101100011
011101011010
011101010010
011101001101
011101010001
011101010110
011101010110
011101010001
011101010011
011101010110
011101010101
011101010011
011101100011
011101011000
011101011110
011101011010
011101011100
011101001111
011101010101
011101010001
011101100000
011101110110
011101011010
011101011100
011101010100
011101100000
011101001111
011101001110
011101011010
011101010100
011101001101
011101011010
011101011010
011101010110
011101010110
011101011101
011101100000
011101011011
011101010000
011100111011
011101100101
011101010010
011101010011
011101011011
011101001110
011101011010
011101000101
011101000100
011101011101
011101010110
011101001111
011101010111
011101011010
011101010011
011101001110
011101111011
011101011010
011101101001
011101011011
011101010010
011101010111
011101010111
011101100000
011101011000
011101001011
011101010001
011101010011
011101011100
011101010100
011101011111
011101100011
011100101001
011101001110
011101011111
011101001111
011101010010
011101010100
011101010110
011101011010
011101011101
011101010111
011101011111
011101011001
011101001011
011101011011
011101010100
011101011111
011101011001
011101011000
011101010001
011101011111
011101011110
011101010001
011101010111
011101011000
011101011100
011101001100
011101010010
011101011011
011101101010
011101011001
011101001011
011101001111
011101011011
011101011111
011101010110
011101010000
011101011111
011101010111
011101011111
011101001111
011101011001
011101001100
011101011000
011101010111
011101100010
011101111001
011101011001
011101100000
011101010011
011101010011
011101011010
011101011000
011101010110
011101011000
011101011110
011101100001
011101010011
011101001010
011100110100
011101011011
011101101111
011101010101
011101011010
011101010010
011101010011
011101011001
011101010110
011101000000
011101010010
011101011101
011101011111
011101010111
011101011101
011101010110
011101011000
011100111111
011101010011
011101011010
011101010111
011101011110
011101100010
011101010110
011101001010
011101101011
011101010110
011101011010
011101001100
011101001010
011101000101
011101010001
011101010000
011101010110
011101011101
011101010001
011101000101
011101010111
011101010011
011101010001
011101110101
011101001011
011101010100
011101011000
011101010001
011101010010
011101011001
011101100010
011101011011
011101011111
011101100011
011101011010
011101011000
011101101111
011101010011
011101100110
011101010110
011101011010
011101100011
011101011100
011101010101
011101010011
011101011011
011101010100
011101010010
011101010100
011101011100
011101011011
011101011111
011101001111
011110010110
011101111011
011101001010
011101010010
011101010001
011101010011
011101010100
011101010001
011101100000
011101011011
011101100111
011101011110
011101010110
011101011000
011101010110
011101000010
011101000011
011101011011
011101011000
011101011110
011101011011
011101001110
011101100111
011101001010
011101010100
011101011011
011101010111
011101011000
011101011011
011101001111
011101001011
011101010100
011101001010
011101010110
011101011010
011101100000
011011111010
011101000110
011101000101
011101010001
011101011001
011101100010
011110000110
011101011010
011101011101
011101001111
011101010111
011101001110
011101010000
011101100011
011101010111
011101110010
011101010001
011101010011
011101101101
011101010011
011110001101
011101011100
011101010100
011101000111
011101010111
011101001001
011101010111
011101010100
011101010011
011101011001
011101001111
011101010111
011101010011
011101010100
011101011111
011101010100
011101011010
011101011101
011101010111
011101100100
011101001111
011101010011
011101100011
011101001011
011101011000
011101011011
011101010111
011101100000
011101011011
011101001111
011101011001
011101100110
011101011010
011101011001
011101100000
011101000010
011101010001
011101001011
011101101000
011101010010
011101010010
011101001011
011101100011
011101010011
011101100100
011101010011
011101010010
011101001111
011101011001
011101010011
011101010111
011101000110
011101011101
011101001001
011101011011
011101000010
011101011000
011101001101
011101010100
011101010100
011101001110
011101010110
011101010111
011101011010
011101011000
011101011001
011101011010
011101001100
011101010101
011101011000
011101011100
011101010001
011101011111
011101011110
011101010000
011101000111
011101010000
011101001101
011101010010
011101010101
011101010011
011101010100
011101011000
011101010100
011101010000
011101100100
011101001101
011101010010
011101010100
011100111011
011101100011
011101010111
011101011100
011101010101
011101011011
011101011010
011101010010
011101011011
011100111000
011101010000
011101001111
011101001111
011101011101
011101011101
011101011110
011101010110
011101010011
011101010010
011101010101
011101001110
011101010011
011101010100
011101010101
011101010011
011101010010
011101011010
011101010101
011101011011
011101010011
011101011111
011101011000
011101011101
011101011010
011101010110
011101011100
011101011100
011101011000
011101011010
011101010000
011101010110
011101010010
011101011110
011101001110
011101101011
011101001111
011101010110
011101001100
011101010010
011101010111
011101010010
011101001111
011101010111
011101001010
011101011111
011101011000
011101100011
011101011011
011101011011
011101011011
011101011101
011101010110
011101010110
011101100101
011101010101
011101001111
011101010011
011101011010
011101101011
011101001001
011101010011
011101010111
011101100011
011101001110
011101011111
011101011000
011101011110
011101001111
011101001001
011101010100
011100111111
011101011000
011101011010
011101100010
011101010000
011101010100
011101010001
011101010111
011101010101
011101001111
011101011101
011101001010
011101011110
011101010011
011101011100
011100101011
011101010111
011101010001
011101001110
011101001111
011101100011
011101010111
011101010000
011101001101
011101010100
011101010110
011101001100
011101010111
011101010101
011101011111
011101011001
011101001110
011101011100
011101011101
011101010011
011101010010
011101001111
011101011001
011101011010
011101100010
011101111000
011101011011
011101001110
011101010001
011101000010
011101010110
011101010101
011101001011
011101010011
011101010101
011101001100
011101010111
011101010001
011101011011
011101010011
011101010011
011100111010
011101010101
011101010011
011101010110
011101010000
011101010111
011101100010
011101010010
011101010011
011101011000
011100111101
011101011001
011101010100
011101010101
011101010010
011101010110
011101001011
011101001110
011100011111
011101010001
011101011011
011101011000
011101001111
011101010110
011101010111
011101010100
011101010110
011101100000
011101011001
011101011110
011101011011
011101011011
011100111101
011101010011
011101010000
011101010110
011101011100
011101100010
011101010010
011101010111
011101010011
011110011000
011101011110
011101001101
011101010100
011101011111
011101011000
011101010100
011101000011
011101001011
011111000011
011101110100
011101010100
011101011010
011101011101
011101011011
011101100001
011101011011
011101001111
011101010010
011101010111
011101001010
011101001011
011101000111
011101010101
011101100110
011101011011
011101011011
011101100011
011101001011
011101010000
011101010000
011101010100
011101010011
011101011010
011101010101
011101010011
011101011101
011101010101
011101011110
011101011100
011101011010
011101010111
011101010100
011101010111
011101011111
011101010101
011101010001
011101001101
011101100100
011101001000
011101011111
011101001100
011101011110
011101011000
011101000111
011101011001
011101010011
011101010011
011101011010
011101010010
011101011100
011101010010
011101001111
011101011100
011101100100
011101010001
011101011010
011101001001
011101001111
011101001111
011101100011
011101011001
011101010011
011101000111
011101010001
011101010000
011101001110
011101011010
011101011011
011101010111
011101011100
011101100001
011101011011
011101011011
011101010100
011101010000
011101100000
011101000110
011101011110
011101001000
011101000101
011101010110
011101010010
011101011101
011101011001
011101000101
011101010011
011101011111
011101001110
011101011010
011101001010
011101010100
011101011000
011101010000
011101011000
011101011000
011101010110
011101010111
011101011011
011101010111
011101001110
011101010110
011101011000
011101010000
011101011011
011101011010
011101011010
011101011100
011101010011
011101011111
011101011000
011101011100
011101010011
011101010110
011101011100
011101110100
011101100100
011101011010
011101010100
011101011000
011100110000
011101100010
011101010000
011101010111
011101010011
011101101001
011101010100
011101011001
011101011111
011101010010
011101010010
011100010110
011101001110
011101010111
011101100010
011101010101
011101001111
011101010101
011101110110
011101010010
011101010011
011101010110
011101010111
011101100010
011101010110
011101011101
011101100001
011101010011
011101000100
011101010100
011101010100
011101111101
011101010100
011101010110
011101010011
011101011000
011101010000
011101011111
011101010011
011101101000
011101001111
011101010001
011101011001
011101010111
011101011011
011101011000
011101010000
011101000100
011101011011
011101011000
011101001100
011101011010
011101011001
011101011001
011101110011
011101001110
011101011111
011101010010
011101001011
011101011010
011101001011
011101010100
011101011101
011101001010
011101001111
011101010101
011101001111
011101001100
011101010101
011101011101
011101010111
011101011100
011101001110
011101001111
011101010111
