100011010101
100011010101
100011010101
101000101000
100011010101
100011010101
100011010101
100011010101
100011010101
100011010101
100011010101
100011010101
100011010101
100011010101
100011010101
100011010101
100011010101
100011010101
100011010101
100011010101
100011010101
100011010101
100011010101
100011010101
100011010101
100011010101
100011010101
100011010101
100011010101
100011010101
100011010101
100011010101
100011010101
100011010101
100011010111
100011010111
100011010111
100011010111
100011010111
100011010111
100011010111
100011010111
100011010111
100011010111
100011010111
100011010111
100011010111
100011010111
100011010111
100011010111
100011010111
100011010111
100011010111
100011010111
100011010111
100011010111
100011010111
100011010111
100011010111
100011010111
100011010111
100011010111
100011010111
100011010111
100011010111
100011010111
100011010111
100011010111
100011010111
100011010111
100011010111
100011010111
100011010111
100011010111
100011010111
100011010111
100011010111
100011010111
100010110101
100010110101
100010110101
100010110101
100010110101
100010110101
100010110101
100010110101
100010110101
100010110101
100010110101
100010110101
100010110101
100010110101
100010110011
100010110011
100010110011
100010110011
100010110011
100010110011
100010110011
100010110011
100010110011
100010110011
100010110011
100010110011
100010110011
100010110011
100010110011
100010110011
100010110011
100010110011
100010110011
100010110011
100010110011
100010110011
100010110011
100010110011
100010110011
100010110011
100010110011
100010110011
100010110011
100010110011
100010110011
100010110011
100010110011
100010110011
100010110011
100010110011
100010110011
100010110011
100010110011
100010110011
100010110011
100010110011
100010110011
100010110011
100010110011
100010110011
100010110011
100010110011
100010110011
100010110011
100010110011
100010110011
100010110011
100010110011
100010110011
100010110011
100010110011
100010110011
100010110011
100010110011
100010110011
100010110011
100010110011
100010110011
100010110011
100010110011
100010110011
100010110011
100010110011
100010110011
100010110011
100010110011
100010110100
100010110100
100010110100
100010110100
100010110100
100010110100
100010110100
100010110100
100010110100
100010110100
100010110100
100010110100
100010110100
100010110100
100010110100
100010110011
100010110011
100010110011
100010110011
100010110011
100010110011
100010110011
100010110011
100010110011
100010110011
100010110011
100010110011
100010110011
100010110011
100010110011
100010110100
100010110100
100010110100
100010110100
100010110100
100010110100
100010110100
100010110100
100010110100
100010110100
100010110100
100010110100
100010110100
100010110100
100010110100
100010110101
100010110101
100010110101
100010110101
100010110101
100010110101
100010110101
100010110101
100010110101
100010110101
100010110101
100010110101
100010110101
100010110101
100010110101
100010110110
100010110110
100010110110
100010110110
100010110110
100010110110
100010110110
100010110110
100010110110
100010110110
100010110110
100010110110
100010110110
100010110110
100010110110
100010110111
100010110111
100010110111
100010110111
100010110111
100010110111
100010110111
100010110111
100010110111
100010110111
100010110111
100010110111
100010110111
100010110111
101001000110
100010111000
100010111000
100010111000
100010111000
100010111000
100010111000
100010111000
100010111000
100010111000
100010111000
100010111000
100010111000
100010111000
100010111000
100010111001
100010111001
100010111001
100010111001
100010111001
100010111001
100010111001
100010111001
100010111001
100010111001
100010111001
100010111001
100010111001
100010111001
100010111001
100010111001
100010111001
100010111001
100010111001
100010111001
100010111001
100010111001
100010111001
100010111001
100010111001
100010111001
100010111001
100010111001
100010111001
100010111001
101001000011
100010111010
100010111010
100010111010
100010111010
100010111010
100010111010
100010111010
100010111010
100010111010
100010111010
100010111010
100010111010
100010111010
100010111010
100010111011
100010111011
100010111011
100010111011
100010111011
100010111011
100010111011
100010111011
100010111011
100010111011
100010111011
100010111011
100010111011
100010111011
100010111011
100010111011
100010111101
100010111101
100010111101
100010111101
100010111101
100010111101
100010111101
100010111101
100010111101
100010111101
100010111101
100010111101
100010111101
100010111101
101001000000
100010111100
100010111100
100010111100
100010111100
100010111100
100010111100
100010111100
100010111100
100010111100
100010111100
100010111100
100010111100
100010111100
100010111100
100010111101
100010111101
100010111101
100010111101
100010111101
100010111101
100010111101
100010111101
100010111101
100010111101
100010111101
100010111101
100010111101
100010111101
100010111101
100010111101
100010111111
100010111111
100010111111
100010111111
100010111111
100010111111
100010111111
100010111111
100010111111
100010111111
100010111111
100010111111
100010111111
100010111111
100010111111
100010111111
100010111111
100010111111
100010111111
100010111111
100010111111
100010111111
100010111111
100010111111
100010111111
100010111111
100010111111
100010111111
100011000001
100011000001
100011000001
100011000001
100011000001
100011000001
100011000001
100011000001
100011000001
100011000001
100011000001
100011000001
100011000001
100011000001
100011000001
100011000001
100011000001
100011000001
100011000001
100011000001
100011000001
100011000001
100011000001
100011000001
100011000001
100011000001
100011000001
100011000001
100011000001
100011000001
100011000001
100011000001
100011000001
100011000001
100011000001
100011000001
100011000001
100011000001
100011000001
100011000001
100011000001
100011000001
100011000001
100011000001
100011000001
100011000001
100011000010
100011000010
100011000010
100011000010
100011000010
100011000010
100011000010
100011000010
100011000010
100011000010
100011000010
100011000010
100011000010
100011000010
100011000101
100011000101
100011000101
100011000101
100011000101
100011000101
100011000101
100011000101
100011000101
100011000101
100011000101
100011000101
100011000101
100011000101
100011000101
100011000100
100011000100
100011000100
100011000100
100011000100
100011000100
100011000100
100011000100
100011000100
100011000100
100011000100
100011000100
100011000100
100011000100
100011000100
100011000100
100011000100
100011000100
100011000100
100011000100
100011000100
100011000100
100011000100
100011000100
100011000100
100011000100
100011000100
100011000100
100011000100
100011000100
100011000101
100011000101
100011000101
100011000101
100011000101
100011000101
100011000101
100011000101
100011000101
100011000101
100011000101
100011000101
100011000101
100011000101
100011001001
100011001001
100011001001
100011001001
100011001001
100011001001
100011001001
100011001001
100011001001
100011001001
100011001001
100011001001
100011001001
100011001001
100011001001
100011001001
100011001010
100011001010
100011001010
100011001010
100011001010
100011001010
100011001010
100011001010
100011001010
100011001010
100011001010
100011001010
100011001010
100011001010
100011001010
100011001001
100011001001
100011001001
100011001001
100011001001
100011001001
100011001001
100011001001
100011001001
100011001001
100011001001
100011001001
100011001001
100011001001
100011001001
100011011111
100011011111
100011011111
100011011111
100011011111
100011011111
100011011111
100011011111
100011011111
100011011111
100011011111
100011011111
100011011111
100011011111
100011011111
100011011111
100011011111
100011011111
100011011111
100011011111
100011011111
100011011111
100011011111
100011011111
100011011111
100011011111
100011011111
100011011111
100011011111
101000011101
100011011111
100011011111
100011011111
100011011111
100011011111
100011011111
100011011111
100011011111
100011011111
100011011111
100011011111
100011011111
100011011111
100011011111
100011011111
101000011101
100011011111
100011011111
100011011111
100011011111
100011011111
100011011111
100011011111
100011011111
100011011111
100011011111
100011011111
100011011111
100011011111
100011011111
100011011111
100011011111
100011011111
100011011111
100011011111
100011011111
100011011111
100011011111
100011011111
100011011111
100011011111
100011011111
100011011111
100011011111
101000011101
100011011111
100011011111
100011011111
100011011111
100011011111
100011011111
100011011111
100011011111
100011011111
100011011111
100011011111
100011011111
100011011111
100011011111
100011011111
101000011101
101000011101
100101110000
100101110000
100101110000
100101110000
100101110000
100101110000
100101110000
100101110000
100101110000
100101110000
100101110000
100101110000
100101110000
100110001101
100110001101
100101101111
100101101111
100101101111
100101101111
100101101111
100101101111
100101101111
100101101111
100101101111
100101101111
100101101111
100101101111
100101101111
100101101111
100101101111
100101101111
100101101111
100101101111
100101101111
100101101111
100101101111
100101101111
100101101111
100101101111
100101101111
100101101111
100101101111
100101101111
100110001101
100100001101
100100001101
100100001101
100100001101
100100001101
100100001101
100100001101
100100001101
100100001101
100100001101
100100001101
100100001101
100100001101
100100001101
100111110000
100100001100
100100001100
100100001100
100100001100
100100001100
100100001100
100100001100
100100001100
100100001100
100100001100
100100001100
100100001100
100100001100
100100001100
100100001100
100100001100
100100001100
100100001100
100100001100
100100001100
100100001100
100100001100
100100001100
100100001100
100100001100
100100001100
100100001100
100100001100
100100001100
100111110000
100111110000
100101111010
100101111010
100101111010
100101111010
100101111010
100101111010
100101111010
100101111010
100101111010
100101111010
100101111010
100101111010
100101111010
100110000011
100110000011
100101111010
100101111010
100101111010
100101111010
100101111010
100101111010
100101111010
100101111010
100101111010
100101111010
100101111010
100101111010
100101111010
100110000011
100110000011
100101111010
100101111010
100101111010
100101111010
100101111010
100101111010
100101111010
100101111010
100101111010
100101111010
100101111010
100101111010
100101111010
100110000011
100110000011
100101111010
100101111010
100101111010
100101111010
100101111010
100101111010
100101111010
100101111010
100101111010
100101111010
100101111010
100101111010
100101111010
100101111010
100101111010
100101111010
100101111010
100101111010
100101111010
100101111010
100101111010
100101111010
100101111010
100101111010
100101111010
100101111010
100101111010
100101111010
100110000011
100110000011
100101110000
100101110000
100101110000
100101110000
100101110000
100101110000
100101110000
100101110000
100101110000
100101110000
100101110000
100101110000
100101110000
100110001101
100110001101
100101110000
100101110000
100101110000
100101110000
100101110000
100101110000
100101110000
100101110000
100101110000
100101110000
100101110000
100101110000
100101110000
100110001101
100101110001
100101110001
100101110001
100101110001
100101110001
100101110001
100101110001
100101110001
100101110001
100101110001
100101110001
100101110001
100101110001
100101110001
100110001100
100110001100
100101111010
100101111010
100101111010
100101111010
100101111010
100101111010
100101111010
100101111010
100101111010
100101111010
100101111010
100101111010
100101111010
100110000011
100110000011
100101111010
100101111010
100101111010
100101111010
100101111010
100101111010
100101111010
100101111010
100101111010
100101111010
100101111010
100101111010
100101111010
100110000011
100110000011
100101111010
100101111010
100101111010
100101111010
100101111010
100101111010
100101111010
100101111010
100101111010
100101111010
100101111010
100101111010
100101111010
100110000011
100110000011
100101111010
100101111010
100101111010
100101111010
100101111010
100101111010
100101111010
100101111010
100101111010
100101111010
100101111010
100101111010
100101111010
100110000011
100110000011
100101111010
100101111010
100101111010
100101111010
100101111010
100101111010
100101111010
100101111010
100101111010
100101111010
100101111010
100101111010
100101111010
100110000011
100110000011
100101111010
100101111010
100101111010
100101111010
100101111010
100101111010
100101111010
100101111010
100101111010
100101111010
100101111010
100101111010
100101111010
100110000011
100110000011
100101111010
100101111010
100101111010
100101111010
100101111010
100101111010
100101111010
100101111010
100101111010
100101111010
100101111010
100101111010
100101111010
100110000011
100110000011
100101111010
100101111010
100101111010
100101111010
100101111010
100101111010
100101111010
100101111010
100101111010
100101111010
100101111010
100101111010
100101111010
100110000011
100110000011
100101111010
100101111010
100101111010
100101111010
100101111010
100101111010
100101111010
100101111010
100101111010
100101111010
100101111010
100101111010
100101111010
100110000011
100110000011
100101111010
100101111010
100101111010
100101111010
100101111010
100101111010
100101111010
100101111010
100101111010
100101111010
100101111010
100101111010
100101111010
100110000011
100100001101
100100001101
100100001101
100100001101
100100001101
100100001101
100100001101
100100001101
100100001101
100100001101
100100001101
100100001101
100100001101
100100001101
100111101111
100111101111
100101111010
100101111010
100101111010
100101111010
100101111010
100101111010
100101111010
100101111010
100101111010
100101111010
100101111010
100101111010
100101111010
100110000011
100110000011
100101111010
100101111010
100101111010
100101111010
100101111010
100101111010
100101111010
100101111010
100101111010
100101111010
100101111010
100101111010
100101111010
100101111010
100110000011
100100001101
100100001101
100100001101
100100001101
100100001101
100100001101
100100001101
100100001101
100100001101
100100001101
100100001101
100100001101
100100001101
100111101111
100011001110
100011001110
100011001110
100011001110
100011001110
100011001110
100011001110
100011001110
100011001110
100011001110
100011001110
100011001110
100011001110
100011001110
100011001110
100011001110
100011001110
100011001110
100011001110
100011001110
100011001110
100011001110
100011001110
100011001110
100011001110
100011001110
100011001110
100011001110
100011001110
100011001110
100011001101
100011001101
100011001101
100011001101
100011001101
100011001101
100011001101
100011001101
100011001101
100011001101
100011001101
100011001101
100011001101
100011001101
101000101111
101000101111
100101111010
100101111010
100101111010
100101111010
100101111010
100101111010
100101111010
100101111010
100101111010
100101111010
100101111010
100101111010
100101111010
100011001010
100011001010
100011001010
100011001010
100011001010
100011001010
100011001010
100011001010
100011001010
100011001010
100011001010
100011001010
100011001010
100011001010
100011001010
100011001010
100011001001
100011001001
100011001001
100011001001
100011001001
100011001001
100011001001
100011001001
100011001001
100011001001
100011001001
100011001001
100011001001
100011001001
100011000111
100011000111
100011000111
100011000111
100011000111
100011000111
100011000111
100011000111
100011000111
100011000111
100011000111
100011000111
100011000111
100011000111
100011000111
100011000111
100011000111
100011000111
100011000111
100011000111
100011000111
100011000111
100011000111
100011000111
100011000111
100011000111
100011000111
100011000111
100011000111
100011000111
101000110101
100011000101
100011000101
100011000101
100011000101
100011000101
100011000101
100011000101
100011000101
100011000101
100011000101
100011000101
100011000101
100011000101
100011000101
100011000100
100011000100
100011000100
100011000100
100011000100
100011000100
100011000100
100011000100
100011000100
100011000100
100011000100
100011000100
100011000100
100011000100
100011000100
100011000100
100011000011
100011000011
100011000011
100011000011
100011000011
100011000011
100011000011
100011000011
100011000011
100011000011
100011000011
100011000011
100011000011
100011000011
101000111010
100011000001
100011000001
100011000001
100011000001
100011000001
100011000001
100011000001
100011000001
100011000001
100011000001
100011000001
100011000001
100011000001
100011000001
100011000001
100011000001
100011000001
100011000001
100011000001
100011000001
100011000001
100011000001
100011000001
100011000001
100011000001
100011000001
100011000001
100011000001
100011000001
100011000001
100011000000
100011000000
100011000000
100011000000
100011000000
100011000000
100011000000
100011000000
100011000000
100011000000
100011000000
100011000000
100011000000
100011000000
101000111101
100010111111
100010111111
100010111111
100010111111
100010111111
100010111111
100010111111
100010111111
100010111111
100010111111
100010111111
100010111111
100010111111
100010111111
100010111101
100010111101
100010111101
100010111101
100010111101
100010111101
100010111101
100010111101
100010111101
100010111101
100010111101
100010111101
100010111101
100010111101
100010111101
100010111101
100010111100
100010111100
100010111100
100010111100
100010111100
100010111100
100010111100
100010111100
100010111100
100010111100
100010111100
100010111100
100010111100
100010111100
100010111100
100010111100
100010111100
100010111100
100010111100
100010111100
100010111100
100010111100
100010111100
100010111100
100010111100
100010111100
100010111100
100010111100
100010111100
100010111010
100010111010
100010111010
100010111010
100010111010
100010111010
100010111010
100010111010
100010111010
100010111010
100010111010
100010111010
100010111010
100010111010
100010111010
100011000010
100011000010
100011000010
100011000010
100011000010
100011000010
100011000010
100011000010
100011000010
100011000010
100011000010
100011000010
100011000010
100011000010
100011000010
100010111000
100010111000
100010111000
100010111000
100010111000
100010111000
100010111000
100010111000
100010111000
100010111000
100010111000
100010111000
100010111000
100010111000
100010111000
100010111000
100010111000
100010111000
100010111000
100010111000
100010111000
100010111000
100010111000
100010111000
100010111000
100010111000
100010111000
100010111000
100010110110
100010110110
100010110110
100010110110
100010110110
100010110110
100010110110
100010110110
100010110110
100010110110
100010110110
100010110110
100010110110
100010110110
100010110110
100010110110
100010110110
100010110110
100010110110
100010110110
100010110110
100010110110
100010110110
100010110110
100010110110
100010110110
100010110110
100010110110
100010110110
100010110110
100010110100
100010110100
100010110100
100010110100
100010110100
100010110100
100010110100
100010110100
100010110100
100010110100
100010110100
100010110100
100010110100
100010110100
100010110100
100010110100
100010110100
100010110100
100010110100
100010110100
100010110100
100010110100
100010110100
100010110100
100010110100
100010110100
100010110100
100010110100
100010110100
100010110100
100010110011
100010110011
100010110011
100010110011
100010110011
100010110011
100010110011
100010110011
100010110011
100010110011
100010110011
100010110011
100010110011
100010110011
100010110011
100010110011
100010110011
100010110011
100010110011
100010110011
100010110011
100010110011
100010110011
100010110011
100010110011
100010110011
100010110011
100010110011
100010110011
100010110011
100010110011
100010110011
100010110011
100010110011
100010110011
100010110011
100010110011
100010110011
100010110011
100010110011
100010110011
100010110011
100010110011
100010110011
100010110011
100010110011
100010110011
100010110011
100010110011
100010110011
100010110011
100010110011
100010110011
100010110011
100010110011
100010110011
100010110011
100010110011
100010110100
100010110100
100010110100
100010110100
100010110100
100010110100
100010110100
100010110100
100010110100
100010110100
100010110100
100010110100
100010110100
100010110100
100010110011
100010110011
100010110011
100010110011
100010110011
100010110011
100010110011
100010110011
100010110011
100010110011
100010110011
100010110011
100010110011
100010110011
100010110011
100010110011
100010110011
100010110011
100010110011
100010110011
100010110011
100010110011
100010110011
100010110011
100010110011
100010110011
100010110011
100010110011
100010110011
100010110011
100010110011
100011010111
100011010111
100011010111
100011010111
100011010111
100011010111
100011010111
100011010111
100011010111
100011010111
100011010111
100011010111
100011010111
100011010111
100011010111
101000100110
100011010111
100011010111
100011010111
100011010111
100011010111
100011010111
100011010111
100011010111
100011010111
100011010111
100011010111
100011010111
100011010111
100011010111
100011010111
100011010111
100011010111
100011010111
100011010111
100011010111
100011010111
100011010111
100011010111
100011010111
100011010111
100011010111
100011010111
100011010111
100011010111
100011010111
100011010111
100011010111
100011010111
100011010111
100011010111
100011010111
100011010111
100011010111
100011010111
100011010111
100011010111
100011010111
100011010111
100011010111
100011010111
100011010111
100011010111
100011010111
100011010111
100011010111
100011010111
100011010111
100011010111
100011010111
100011010111
100011010111
100011010111
100011010111
100011010111
100011010111
100011010111
100011010111
100011010111
100011010111
100011010111
100011010111
100011010111
100011010111
100011010111
100011010111
100011010111
100011010111
100011010111
100011010111
100011010111
100011010110
100011010110
100011010110
100011010110
100011010110
100011010110
100011010110
100011010110
100011010110
100011010110
100011010110
100011010110
100011010110
100011010110
101000100111
100011010101
100011010101
100011010101
100011010101
100011010101
100011010101
100011010101
100011010101
100011010101
100011010101
100011010101
100011010101
100011010101
100011010101
100010111100
100010111100
100010111100
100010111100
100010111100
100010111100
100010111100
100010111100
100010111100
100010111100
100010111100
100010111100
100010111100
100010111100
100010111100
100010111100
100010111110
100010111110
100010111110
100010111110
100010111110
100010111110
100010111110
100010111110
100010111110
100010111110
100010111110
100010111110
100010111110
100010111110
100010111101
100010111101
100010111101
100010111101
100010111101
100010111101
100010111101
100010111101
100010111101
100010111101
100010111101
100010111101
100010111101
100010111101
100010111101
100010111101
100010111100
100010111100
100010111100
100010111100
100010111100
100010111100
100010111100
100010111100
100010111100
100010111100
100010111100
100010111100
100010111100
100010111100
100010111100
100010111100
100010111100
100010111100
100010111100
100010111100
100010111100
100010111100
100010111100
100010111100
100010111100
100010111100
100010111100
100010111100
100010111100
100010111100
100010111100
100010111100
100010111100
100010111100
100010111100
100010111100
100010111100
100010111100
100010111100
100010111100
100010111100
100010111100
100010111100
100010111100
100010111100
100010111100
100010111100
100010111100
100010111100
100010111100
100010111100
100010111100
100010111100
100010111100
100010111100
100010111100
100010111100
100010111100
100010111100
101001000001
100010111100
100010111100
100010111100
100010111100
100010111100
100010111100
100010111100
100010111100
100010111100
100010111100
100010111100
100010111100
100010111100
100010111100
100010111011
100010111011
100010111011
100010111011
100010111011
100010111011
100010111011
100010111011
100010111011
100010111011
100010111011
100010111011
100010111011
100010111011
100010111011
100010111011
100010111011
100010111011
100010111011
100010111011
100010111011
100010111011
100010111011
100010111011
100010111011
100010111011
100010111011
100010111011
100010111011
100010111011
101001000001
100010111100
100010111100
100010111100
100010111100
100010111100
100010111100
100010111100
100010111100
100010111100
100010111100
100010111100
100010111100
100010111100
100010111100
100010111011
100010111011
100010111011
100010111011
100010111011
100010111011
100010111011
100010111011
100010111011
100010111011
100010111011
100010111011
100010111011
100010111011
100010111011
100010111011
100010111011
100010111011
100010111011
100010111011
100010111011
100010111011
100010111011
100010111011
100010111011
100010111011
100010111011
100010111011
100010111011
100010111011
100010111011
100010111011
100010111011
100010111011
100010111011
100010111011
100010111011
100010111011
100010111011
100010111011
100010111011
100010111011
100010111011
100010111011
100010111011
100010111011
100010111011
100010111011
100010111011
100010111011
100010111011
100010111011
100010111011
100010111011
100010111011
100010111011
100010111011
100010111011
100010111011
100010111011
100010111011
100010111011
100010111011
100010111011
100010111011
100010111011
100010111011
100010111011
100010111011
100010111011
100010111011
100010111011
100010111011
100010111011
100010111011
100010111100
100010111100
100010111100
100010111100
100010111100
100010111100
100010111100
100010111100
100010111100
100010111100
100010111100
100010111100
100010111100
100010111100
100010111100
100010111100
100010111100
100010111100
100010111100
100010111100
100010111100
100010111100
100010111100
100010111100
100010111100
100010111100
100010111100
100010111100
100010111100
100010111100
100010111100
100010111100
100010111100
100010111100
100010111100
100010111100
100010111100
100010111100
100010111100
100010111100
100010111100
100010111100
100010111100
100010111100
100010111100
100010111100
100010111100
100010111100
100010111100
100010111100
100010111100
100010111100
100010111100
100010111100
100010111100
100010111100
100010111100
100010111100
100010111100
100010111100
100010111100
100010111100
100010111100
100010111100
100010111100
100010111100
100010111100
100010111100
100010111100
100010111100
100010111100
100010111100
100010111100
100010111100
100010111100
100010111100
100010111100
100010111100
100010111100
100010111100
100010111100
100010111100
100010111100
100010111100
100010111100
100010111100
100010111100
100010111100
100010111100
100010111100
100010111100
100010111011
100010111011
100010111011
100010111011
100010111011
100010111011
100010111011
100010111011
100010111011
100010111011
100010111011
100010111011
100010111011
100010111011
100010111011
100010111100
