000000000000
011111011111
011111001111
011111000101
011111001000
011111000110
011111110011
011111001100
011110101010
011111010001
011111010011
011111010110
011111000101
011111000101
011110110100
011111000100
011111000111
011111000000
011111000100
011111000110
011111001000
011111100010
011111000100
011110111010
011111000111
011111000101
011111001101
011110111101
011111010111
011110100011
011110111010
011111001000
011111001011
011110111111
011111010111
011110111111
011110111010
011110111111
011110111110
011111010010
011110111011
101011010111
011111000011
011111000001
011111001000
011111000000
011110100000
011111000000
011111010010
011111001110
011111011101
011101011110
011110110111
011111001000
011111000001
011110111001
011111000011
011101101000
011111001011
011111000011
011111011000
011110111001
011111001001
011110111111
011111000001
011110111011
011111010011
011110111011
011110101101
011110111000
011111000100
011111000110
011111001010
011111010011
011111010100
101000101000
011110111111
011110111001
011110111110
011110110001
011111010001
011111000100
011111001100
011111000010
011111000000
011111001010
011111001011
011111001000
011110111110
011111001110
011110111111
011111001110
011111001100
011111001111
011111001000
011110110110
011101010011
101000000110
011110110110
011111011110
011111000110
011111000010
011111010111
011111010111
011111000111
011110110110
011111001111
011111001001
011111001111
011110111110
011111011100
011110110110
011111001000
011111001010
011111010000
011110110100
011110110110
011111010100
011111000101
011111001000
011111000011
011111001100
011111000011
011111000010
011110111110
011110111110
011111001000
011110110011
011111001000
011111001100
011111010111
011111001000
011111001011
011110011111
011110110111
011111001110
011111001001
011110101011
011111011010
011111100000
011110011010
011111010100
011111000100
011111000100
011111010001
011110110101
011110111000
011111011111
011111011100
011111010000
011111001011
011111010111
011111010001
011110111110
011110110011
011111001010
011110011101
011110111111
011111010000
011111010101
011111010100
011110111101
011110101110
011111010010
011111000111
011110110011
011110101111
011111001111
011111010001
011111000000
011111000001
011110111011
011110111001
011111001110
011111001111
011111010101
011111010101
011111000100
011111101001
011110111111
011111000101
011110111111
011111001100
011111100001
011110110101
011111001000
011111001000
011111010011
011111001100
011111001001
011111000101
011110111100
011111101111
011111010010
011111011001
011111010000
011111010000
011111000010
011111000111
011111001110
011111000100
011110111111
011111001001
011110111111
011111001100
011111000100
011111001011
011110110111
011111001010
011111001100
011110111110
011111001010
011111011100
011111010000
011111001101
011110011111
011111001010
011111001100
011111001011
011111000011
011111000011
011111000110
011111001100
011111001000
011110110111
011111001110
011111001010
011111011111
011111001100
011111010001
011111001110
011111011111
011111000001
011110111111
011111000011
011111011001
011101101000
011111001010
011111000001
011111010000
011111010011
011110111111
011110010001
011111001011
011111001011
011111010011
011111000011
011111010000
011110111100
011110111111
011111001100
011110111011
011111001110
011111010000
011111000011
011110111111
011111001111
011110110110
011111001101
011111001110
011111011101
011110111111
011111001010
011110111101
011111001010
011110101011
011110111001
011110110000
011111011100
011111010111
011111001111
011110111101
011111000010
011111000001
011111001100
011110101111
011111001101
011111010100
011111010010
011111000000
011110101110
011111100001
011111001010
011111001001
011110110100
011111011010
011111001100
011111001100
011111000110
011111100011
011110111001
011110110101
011111001110
011111001010
011111110110
011111001010
011111000111
011111010101
011111000100
011110111011
011111000001
011111001111
011110100110
011110111111
011111011001
011111001010
011111000101
011111011101
011111110000
011111001011
011111001110
101000001100
011110111111
011111000111
011111000101
011111001100
011111010000
011110110000
011111001001
011111100001
011110101011
011111010011
011111001011
011111001000
011110101011
011110100111
011111100011
011111010010
011111000100
011111000110
011111010100
011110110010
011111001100
011111001001
011111010110
011110111100
011111000101
011111010101
011111000000
011110110100
011111001101
011111000100
011111010000
011111101111
011111001111
011111010010
011111011110
011110111111
011111011111
011111001110
011111000110
011111010000
011111001000
011110110001
011111001001
011111000000
011111010011
011111000110
011111101101
011110111110
011111001010
011111001000
011111000011
011110111111
011111001101
011110000011
011111001000
011111000000
011111000001
011111000010
011110111110
011111010100
011111011001
011110111111
011111000011
011111001000
011111000000
011111011000
011111000111
011111001110
011111001100
011111001100
011111000011
011111001011
011111001111
101000001011
011111000101
011111000111
011111001000
011110101011
011111000010
011111011111
011111100000
011110111100
101000010010
011110100101
011111010000
011111000111
011110111100
011111001000
011111001011
011111001001
011111000110
011111100001
011110101110
011111000011
011111010011
011111010000
011111001101
011111000011
011111001111
011111010000
011111001010
011111100001
011111010111
011111001111
011111001011
011110111001
011111100000
011111011001
011111001101
011111000111
011111001111
011111010101
011111000100
011111001010
011111010101
011111000111
011110001000
011111010111
011111001011
011110111110
011111011011
011111001100
011111001011
011111001001
011111001111
011110111011
011111000111
011111011111
011110110000
011111010011
011111010101
011110110010
011111000110
011110110101
011111001110
011111001001
011110111010
011111000110
011110110111
011111001011
011111000101
011111000011
011111000011
011111000000
011111001001
011110111100
011110111110
011111011000
011111001011
011111010110
011111011001
011111000001
011111000101
011111001011
011111001111
011110100111
011110111111
011111010010
011110101111
011111100001
011111101100
011110111100
011111011010
011111000000
101000001111
011111100101
011111000100
011110111111
011111001001
011110111111
011110111111
011110110011
011111100011
011111100011
011111001110
011111000111
011111100100
011111001011
011110110110
011111000100
011110111101
011111001000
011110101011
011110011001
011110111011
011111000011
011110011011
011111001111
011110111001
011110111000
011111011011
011111000111
011111100001
011111011000
011111011010
011111010010
011111001000
011111010100
011111000010
011110110110
011111000011
011111000111
011111001100
011111010001
011111010110
011111001111
011111001010
011111001111
011110111011
011111001000
011111001010
011111010010
011111010011
011111000010
011111001011
011111001000
011111001001
011111001011
011111000011
011111001010
011111001010
011111010110
011111110011
011111011101
011110110110
011111011011
011111000101
011111001101
011111001111
011111001011
011111000100
011111001111
011110101011
011111000100
011111001101
011110111111
011111100010
011110110101
011110111111
011111001010
011111000100
011111001111
101000001010
011111011010
011111010010
011111011111
011111011011
011111001100
011111001010
011111001011
011111101111
011111001010
011111001111
011111000110
011111010010
011110100001
011111000001
011110011110
011111001011
011111010110
011101111010
011111100010
011111000011
011111000110
011110110011
011110011111
011111000101
011111000101
011111011011
011111100100
011111011111
011111010101
011111001100
011110101001
011110111111
011110111011
011111001000
011111000101
011111000110
011111001000
011111010000
011111001111
011111101111
011110111101
101000000000
011111001110
011111011100
011111000110
011111001011
011110111000
011111001111
011111001010
011111010001
011110111100
011111000110
011111010010
011111000110
011110111110
011110111110
011111000110
011111001111
011111000110
011110111010
011111001000
011111001110
011110111000
011111001101
011110111000
011110111100
011111000111
011110110011
011111001001
011111010000
011110111101
011111000101
011111000110
011110111111
011110111111
101000100111
011111001011
011111001110
011111011010
011110111010
011111010010
011111010010
011111001100
011111001011
011110111101
011111000010
011111001101
011111000001
011111001110
011111001101
011111010010
011111001100
011111000101
011111000111
011110111101
011101001110
011110111110
011111000010
011111001001
011111001011
011111000010
011111000111
011111000111
011111011000
011111010010
011111000101
011111010011
011111001010
011111000011
011111010110
011111010100
011111001010
011111000011
011111000110
011111011010
011111010100
011111000010
011111000011
011111000110
011111000011
011111111000
011110111010
011111001101
011111000011
011111000111
011111100010
011111000100
011111101001
011110111001
011111000011
011110111110
011110110011
