001010101011
001010100010
001010101000
001010100101
001010101111
001010100100
001010101000
001010101001
001010100101
001010100010
001010101011
001010011111
001010100000
001010011111
001010100000
001010101000
001010101110
001010100000
001010100111
001100101101
001010100100
001010011111
001010101010
001010100110
001010100010
001010100001
001010100100
001010100100
001010100100
001000011100
001010101001
001010100010
001010101011
001010101101
001010100111
001010101100
001010011110
001010111101
001010100110
001010100011
001010100000
001010100010
001010100001
001010100001
001010100101
001010011111
001010011000
001010100101
001010101001
001010100000
001010100100
001010011011
001010100111
001010100001
001010110101
001010100001
001010100100
001010100011
001010100101
001010110001
001010100011
001010100011
001010100011
001010100111
001010011010
001010100100
001010100011
001010100100
001010101011
001010100010
001010100111
001010100011
001010100111
001010100100
001010100011
001010100001
001010100000
001010101000
001010100100
001010010101
001010101000
001010101000
001010011111
001010100111
001010101101
001010100010
001010100001
001010100010
001010100100
001010101000
001010100100
001010100110
001010100110
001010101011
001010101010
001010100011
001010100111
001010100010
001000001000
001010100110
001010100111
001010100101
001010100100
001010100100
001010100001
001010100111
001010100000
001010011101
001010101111
001010101000
001010100010
001010011110
001010110000
001010101001
001010101000
001010101011
001010100101
001010101000
001010100011
001010100111
001010011101
001010100111
001010100110
001010100000
001010100100
001010100100
001010101100
001010011001
001010100001
001010100011
001010100011
001010100000
001010100001
001010101000
001010100010
001011011101
001010100111
001010100000
001010100011
001010100110
001010100001
001010100010
001010100110
001010100110
001010101000
001010100000
001010100010
001010100110
001010100000
001010100010
001010011111
001010100000
001010100000
001010100011
001010011110
001010101010
001010100101
001010101001
001010011111
001010101000
001010100100
001010100110
001010101000
001010100110
001010101110
001010101000
001010100111
001010100011
001010100110
001010100010
001010011101
001010110111
001001010100
001010100100
001000111010
001010100011
001010101000
001010101111
001010100110
001010011111
001010100010
001000111001
001010100100
001010100000
001010100010
001010101000
001010100001
001010101010
001010100111
001010100100
001010011111
001010011111
001010101101
001010011100
001010110010
001010100111
001010100011
001010100011
001010101111
001010100100
001010100010
001010100010
001010011111
001010101010
001010100100
001010100101
001010100111
001010100011
001010101011
001010100010
001010101000
001010100001
001010100000
001010011111
001010100100
001010100001
001010011011
001010101000
001010010110
001010100111
001010100111
001010101000
001010100011
001010100001
001010100000
001010101010
001010101011
001010100100
001010100001
001010100000
001010101010
001010101010
001010100100
001010100110
001010011110
001010101001
001010100101
001010011101
001010100111
001011100011
001010100100
001010100011
001010011001
001010100100
001010011110
001010100101
001010100011
001010100010
001010101001
001010100110
001010100100
001010100100
001010011101
001010010100
001010101001
001010101011
001010100011
001010011011
001010101011
001010100000
001010101010
001010101001
001010111010
001010100110
001010100010
001010100001
001010100001
001010100001
001010100011
001010100000
001010100110
001010100010
001010100111
001010100001
001010100101
001010100010
001010100010
001010100110
001010100010
001010100001
001010100011
001010110000
001010011111
001010100011
001010100011
001010100011
001010101010
001010100100
001010011110
001010011011
001010100110
001010101101
001010101000
001010110000
001010100100
001010111000
001010100111
001010100110
001010100100
001010101011
001010100111
001010011000
001010100010
001010100000
001010101000
001010100001
001010100100
001010100101
001010100000
001010100111
001010100010
001010100100
001010100110
001010100101
001010111001
001010011111
001010100010
001010100000
001010100111
001010100110
001011001000
001010100011
001010100000
001010011010
001010100011
001010100110
001010100011
001010100011
001010100100
001010100001
001010100010
001010100101
001010100011
001010010111
001010100010
001010100111
001010101000
001010100100
001010101101
001010100001
001010100111
001010100100
001010111000
001010100110
001010100011
001010101101
001010101100
001010101101
001010100111
001010101010
001010100110
001010101000
001010100100
001010100111
001010100101
001010011111
001010101001
001010100011
001010011100
001010101010
001010011011
001010100101
001010100111
001010100111
001010101000
001010011010
001010100111
001010001110
001010100110
001010100110
001010101011
001010100110
001010100101
001010100010
001010101000
001010100011
001010100110
001010101111
001010101010
001010011110
001001111011
001010100100
001010100111
001010100111
001010100110
001010100100
001010011111
001010011111
001010100010
001010100010
001010100011
001010011100
001010100111
001010011110
001010101000
001010100100
001010011110
001010100100
001010100111
001010100000
001010100011
001010101001
001010101000
001010100011
001010011011
001010011111
001010100010
001010011111
001010011001
001010100010
001010101100
001010100011
001010100110
001010100000
001010100111
001010100100
001010101000
001010100101
001010100110
001010101111
001010100011
001010100010
001010100100
001010100100
001010100010
001010101000
001010100001
001010101011
001010101011
001010110110
001010100000
001010100101
001010100010
001010100110
001010100011
001010100010
001010100111
001010100111
001010100101
001010100110
001010100011
001010011011
001010101000
001010100010
001010101111
001010110011
001010100011
001010100001
001011111110
001010100100
001010100011
001010100111
001010101101
001010100000
001010011101
001010101001
001010101000
001010011111
001010100100
001010011100
001010101000
001010010000
001010100010
001010100100
001010101011
001010100100
001010100011
001010101000
001010100100
001010100110
001010100011
001010100011
001010100100
001010100101
001010001111
001010101000
001010100000
001010100101
001010001100
001010101010
001010100100
001010100100
001010100101
001010100000
001000111110
001010100011
001010100011
001010011111
001010100011
001010100000
001010101010
001010101000
001010100011
001010100111
001100010001
001010100101
001010100111
001010011100
001010100100
001010100011
001010100011
001010101000
001010010110
001010101010
001010100101
001010100010
001010100100
001010101001
001010100110
001010011111
001010100010
001010100111
001010101011
001010100011
001010100011
001010100011
001010100000
001010110111
001010100100
001010101010
001010100010
001010100101
001010100101
001010100111
001010100100
001010101010
001010101000
001010100010
001010110011
001010100101
001010100001
001010100101
001010101011
001010011101
001010100110
001010011111
001010100110
001010011101
001010101100
001010100011
001010011110
001010100010
001010011111
001010100111
001010100100
001010011001
001010100110
001010100101
001010100011
001010101111
001010100000
001010100110
001010101000
001010100011
001010100100
001010101010
001010101000
001011101010
001010011111
001010100110
001010100110
001010100100
001010100101
001010100011
001010011111
001010100011
001010100010
001010100110
001100000101
001010100010
001010101010
001010100001
001010011001
001010001111
001010100110
001010100011
001010100000
001010101011
001010100010
001010011001
001010011111
001010101100
001010011000
001010100011
001010100000
00