010011000110
010011001001
010010111111
010010111111
010010111100
010011000001
010011010010
010011000101
010100110010
010011000011
010011000111
010011001001
010011000011
010011000010
010011000010
010010111111
010011000111
010010111111
010010111100
010011001001
010011001000
010011000101
010011000110
010011000010
010010111111
010011000011
010011001011
010010111110
010011000100
010010111000
010011000001
010011000010
010011000100
010010110111
010011000100
010011000000
010011000111
010011000011
010011001000
010010111101
010011001010
010011000110
010011010011
010010110000
010011000000
010011001001
010011000111
010011010011
010011000011
010011000111
010011000010
010010110110
010011000101
010011000000
010011000001
010011000110
010011000101
010011000011
010011000111
010010111010
010010110010
010011000010
010011000010
010010111110
010011000111
010011001100
010011000010
010010111110
010010111111
010011000011
010011000011
010011000011
010010111101
010011000001
010011001011
010011000111
010011000100
010011001101
010011000011
010011000011
010011000101
010010111101
010011000111
010010111011
010011000110
010011000101
010011001000
010011000011
010011001001
010010111111
010011000111
010010111000
010011000011
010011001010
010010111111
010010111001
010011001111
010011000011
010011000100
010011001000
010011001001
010010111111
010011001001
010011001010
010011000010
010010111111
010011000101
010010101001
010011000110
010011000101
010011000010
010011000111
010011000100
010011000111
010011000100
010011001001
010011000111
010011000110
010010111101
010011000001
010011000011
010011001001
010011000111
010011000100
010011001001
010011001101
010011001001
010011001000
010010111111
010011000001
010011000101
010011000011
010011000110
010011001010
010011000000
010011001011
010011000011
010010111111
010011000001
010010110111
010010110110
010011000110
010011000111
010011001001
010011000101
010010000110
010011000100
010011000011
010011000011
010011001100
010011000000
010011000110
010011000011
010011000101
010011000100
010011000110
010011000000
010011000100
010011000011
010011000100
010011001000
010011000101
010011000111
010010111111
010011000100
010010111100
010011001011
010011000110
010011000001
010011000000
010011000010
010011000110
010011000001
010011000100
010011000110
010011001100
010011010000
010011000011
010011001001
010011000101
010011000101
010011000111
010011000011
010011000000
010011110110
010010110100
010011000110
010011000110
010011000010
010011000110
010010111111
010011000111
010010111110
010011000001
010010101011
010011000100
010011010101
010011010101
010011000110
010011000100
010011000010
010011001001
010011000000
010011000010
010011000100
010011000011
010011000011
010011000110
010011000110
010011001110
010011001010
010011000111
010011000001
010011000001
010011000000
010011000101
010011000101
010011001011
010011000011
010011001100
010011000011
010011000011
010011000011
010010111111
010011000000
010011001000
010010111111
010011001001
010011000101
010011000011
010011000001
010011001000
010011000101
010011000101
010011001000
010011000100
010011001000
010010111111
010011000010
010011000010
010011000100
010011000010
010011010001
010011001000
010011000110
010011000011
010011000000
010011000101
010011000110
010011001010
010011000011
010011000010
010011001000
010011000101
010011000010
010011000111
010011001001
010011001010
010010111110
010010111111
010011000111
010011000100
010011001101
010011000110
010011000100
010011000010
010011000001
010011000010
010011000101
010011000010
010011000100
010010111101
010011001011
010011000010
010011000110
010011000011
010011000000
010011001000
010010110110
010011001000
010011010100
010011000010
010011000011
010011000100
010011000000
010010110110
010011000110
010011000101
010011000100
010011000111
010011000110
010010110001
010011000011
010011000100
010010111111
010010111100
010011000011
010011000101
010011001010
010010111000
010011000011
010011000011
010011001001
010011000011
010011000111
010011000011
010011000010
010011000110
010011001001
010011000000
010011001100
010010111101
010011000001
010011000011
010011000111
010011000010
010011001001
010011000101
010011001010
010011001010
010010111111
010010111111
010010111111
010011000111
010011000111
010011000000
010011000010
010011001000
010011000001
010011000011
010011000111
010011000100
010010111100
010011000101
010010111110
010011000000
010011000001
010011000011
010011000000
010011000001
010011000001
010010111000
010010111111
010011000001
010011000100
010010111011
010011000101
010010111011
010011000000
010011001011
010011000000
010010111111
010011000010
010010111000
010011000100
010011000110
010010111011
010011000010
010010111110
010010111111
010011000011
010011000111
010011000010
010011000000
010011000011
010011000001
010010111111
010011001100
010011000100
010010111110
010011000010
010011000111
010011000001
010011001000
010011000001
010010011000
010011000010
010011001101
010011000000
010010110111
010011000000
010010110111
010010111110
010011000010
010010111111
010011000011
010011000010
010011000101
010010111111
010010111111
010011001001
010011000011
010010111111
010011000000
010011000000
010010111111
010011000101
010011000101
010011000100
010011000001
010011000000
010010111101
010011000000
010010111111
010011000011
010010111101
010011001000
010011001000
010011000100
010011000010
010011001010
010011000001
010011000101
010011000010
010010111110
010010111110
010010111111
010011000100
010011000000
010011000011
010011000101
010010111111
010011000000
010011000100
010011000010
010011000110
010011000001
010011000100
010011010000
010011000011
010011000010
010010111101
010010111110
010011000001
010011000111
010011010000
010010111000
010010111101
010011000011
010011001000
010011000000
010011010011
010011010100
010011000001
010010111100
010011000011
010011000000
010011000001
010011000010
010010110000
010011000100
010011000011
010010111000
010011000000
010010111111
010011001000
010011000001
010010111011
010011001001
010010111101
010011000000
010010111101
010011000001
010011000000
010011000100
010011000000
010011000011
010011000010
010011000000
010011001001
010010111110
010011000111
010010011110
010011000010
010010110111
010011000000
010011000110
010011000010
010011000110
010011000000
010011001010
010011000111
010011000100
010011001010
010011000001
010010111111
010011000011
010010101111
010010111100
010011000001
010011000000
010011000011
010001110000
010011001101
010011000100
010011000100
010011000000
010011001001
010011000011
010100001111
010011000100
010010111010
010010111110
010011000011
010011001000
010010111110
010011000010
010011000111
010010110100
010011000001
010010111111
010011000000
010011000111
010011010010
010011000110
010010111011
010010111011
010011000011
010010111110
010010110100
010011000111
010011000101
010011000100
010011000100
010011000011
010011000101
010010111110
010011000100
010011000100
010010111101
010000111111
010011000101
010011000000
010011000011
010010111110
010011000011
010010111010
010010111111
010011001001
010011000011
010010111011
010011000101
010010111111
010010101000
010010111111
010011000001
010011000010
010010111110
010010100001
010010111101
010011001010
010010111111
010011000000
010011000110
010011000001
010011000110
010011010100
010011000010
010010111101
010011000101
010010111101
010011001000
010011000100
010011000010
010010111101
010011000001
010010111110
010011000110
010010111110
010010111010
010011000100
010010110110
010010111111
010011000000
010011000110
010011000011
010011000100
010011000011
010011000001
010010111111
010011000100
010011000001
010011000010
010010111110
010011000111
010011000001
010011000011
010011000001
010010111101
010011000011
010011000010
010011000111
010011000101
010010101001
010011000010
010011000010
010011000010
010011000000
010011000011
010011000101
010011000010
010010111111
010010111110
010010111111
010011000001
010011000100
010011001010
010011000110
010011000001
010010111111
010011000011
010010111110
010010111111
010011000011
010011001010
010011011011
010011000011
010011000010
010011000010
010011000100
010011000011
010010110110
010011000000
010011001000
010011000110
010010111111
010011000100
010011000111
010011000000
010010111010
010011001000
010011000010
010011000100
010011000100
010011000101
010011000010
010010111011
010011000110
010010111111
010011001100
010010111100
010011000010
010011000111
010011000100
010010111110
010011000010
010011000101
010010111010
010011000001
010010111100
010011000001
010010111111
010011001010
010011000010
010011000110
010011000111
010010110110
010010111110
010011010001
010011001000
010011001000
010010111111
010010111110
010011000001
010011000001
010011000010
010011000011
010011000000
010011001001
010011000111
010010111111
010011000101
010011000000
010011000101
010011000010
010011000100
010010111111
010011000001
010010111110
010010111110
010011000001
010011000000
010011000001
010011000101
010010111111
010011000000
010010101111
010011001110
010011001101
010010101010
010001011110
010011000111
010011000010
010011000011
010011000110
010011000010
010011011101
010010111011
010010111111
010010111111
010011000110
010010111111
010010101111
010011001011
010011111000
010011000000
010010111111
010010111111
010011000010
010011000100
010011000100
010010111100
010010111101
010011000000
010011000101
010011000111
010011000101
010011001000
010011000010
010011000111
010011000011
010011001001
010010111110
010011001000
010010111111
010011000111
010011000011
010011000010
010011000110
010010111111
010011000100
010010111111
010011000001
010011000001
010010111011
010010111010
010010111101
010011000100
010011000100
010011000001
010011000100
010011000011
010010111011
010010111110
010011000100
010011000110
010011000101
010011000100
010011000011
010010111100
010011000010
010010111011
010011000010
010011000101
010011000011
010010111000
010010111110
010010111100
010010111110
010011000010
010011000000
010011000011
010010111011
010011001000
010010111100
010011000001
010011000000
010011000101
010011000000
010010111110
010010111011
010011000001
010011000110
010011000010
010010111010
010011000110
010011000011
010011000000
010011000001
010010111000
010011000000
010011000000
010011000100
010010110001
010011000111
010011000100
010011000110
010011000001
010011000011
010011000110
010011000001
010011000111
010011000100
010011000111
010011000101
010011000100
010010111110
010010111100
010010111100
010010111111
010010111010
010011010001
010011000011
010010111011
010011000001
010010111110
010010111011
010011000011
010010111110
010011000111
010011000111
010011000010
010011001101
010010111111
010010111101
010011000111
010011001011
010011000100
010011000111
010011000110
010011000000
010011001100
010011000011
010011000011
010011000001
010011000110
010011000111
010011000011
010011000011
010011000011
010011001000
010010111111
010010111111
010010111100
010011000000
010011000010
010011000000
010010111111
010011000011
010011000001
010010111111
010011000010
010011000011
010011010001
010011000000
010011000010
010010111111
010011000001
010011000001
010011000011
010011000001
010011000010
010011000001
010010111111
010011000010
010011000011
010011000011
010011000000
010011001010
010011000100
010011000010
010011001010
010011000100
010011000001
010010111110
010011000110
010010111100
010010111110
010011000001
010010111111
010010111110
010010110100
010011000111
010011000011
010011000011
010010111111
010011000111
010011000000
010011000010
010010110100
010010111111
010011000011
010010101000
010011000100
010010111111
010011000010
010011000001
010011000111
010011000010
010011000111
010011000000
010010111010
010011001010
010010111111
010011000011
010011000000
010010110110
010011000111
010011000001
010011000010
010010111101
010010111110
010011000000
010011000000
010011010101
010011000110
010011000101
010011000110
010011000000
010011000001
010011000000
010011001010
010011000101
010011000100
010011000011
010010111101
010011000001
010010111110
010010111111
010010111111
010011001010
010011000011
010011001000
010011001010
010010111101
010010111111
010011000011
010011000010
010010110111
010011000100
010010111111
010011000101
010011000010
010010111010
010010111111
010010111101
010011001001
010011000011
010011000011
010010111110
010010111011
010011000011
010010110101
010011000100
010011000000
010010111110
010011000011
010011000000
010011000101
010010111111
010011000110
010010111110
010011000110
010011000001
010011000110
010011000001
010010111110
010011000100
010011000000
010011000111
010011000101
010011001001
010011000000
010011000010
010010111111
010011000000
010011000001
010010101010
010011000101
010011000000
010010111111
010011000000
010011000110
010011010101
010011000100
010011000110
010011000101
010011000100
010010111100
010010111010
010011000101
010011000010
010011000110
010011000101
010011000110
010011000111
010011000001
010011000111
010011000011
010010110110
010011000011
010011001110
010011000011
010011000100
010011000110
010011000000
010011000100
010011000000
010011000110
010011000100
010010111111
010011000011
010011000111
010011001111
010011000100
010011000001
010011000011
010011001001
010011000101
010010111111
010010011000
010100000010
010011000110
010011000110
010010110100
010011111010
010011000011
010010111110
010010111001
010011000111
010011010000
010011000011
010011000100
010011000001
010010111010
010011000010
010010111110
010010110101
010011000100
010011000100
010011000110
010011001000
010011001101
010011000101
010011001010
010010111111
010010111110
010011000000
010011000111
010011000110
010011000110
010011000100
010011000100
010011000000
010011000010
010011000000
010010111111
010011000011
010010111110
010011000000
010011000010
010011001010
010011000010
010011000100
010011000000
010010111011
010011001000
010010111111
010010101011
010011001000
010011000010
010011010000
010011000000
010011000111
010010111001
010011000011
010011000111
010011000001
010010111010
010011000010
010011000101
010011000101
010011000000
010010111110
010010111111
010011000100
010010110110
010011000101
010011000100
010010111111
010011000100
010011000010
010010111110
010011000100
010011001101
010001100011
010011000111
010011000010
010010111110
010011000000
010011000110
010010111111
010010111111
010010111001
010011000011
010010110101
010011000010
010011000010
010011000010
010011000100
010010110111
010011000001
010011000110
010011000100
010010111111
010011000010
010011000101
010010111110
010011000101
010010111011
010010111101
010011000011
010011000010
010011000100
010011000011
010011000111
010011000011
010011000100
010010111011
010010110011
010011000011
010011000100
010010111111
010011000100
010011000001
010011001000
010011010011
010011001011
010010110111
010011000001
010011000001
010011000011
010011000011
010011000000
010011000110
010011000011
010010111111
010010111111
010011000010
010011000001
010010111011
010010111111
010011000011
010011000010
010011000010
010011000001
010010111111
010011000011
010011000011
010011001110
010010111111
010010111010
010011000010
010011000101
010010111110
010011000010
010011000010
010011000111
010010111111
010011000011
010010111110
010010111111
010010110110
010010111100
010010110110
010011000111
010010110110
010011000110
010011000101
010011001000
010011000000
010011001001
010011000010
010011000010
010011001010
010010110100
010011001011
010010110111
010011010001
010011000010
010010011100
010011000100
010011000010
010010111111
010011000000
010011000110
010010111110
010010111100
010011000010
010010111101
010010111110
010010111011
010011000010
010011001100
010010111111
010010111110
010011000101
010011000100
010011000111
010011000111
010011000111
010010111111
010010110111
010010110010
010011000101
010010111111
010011000100
010010111011
010011011110
010010111111
010011000011
010011000010
010011001000
010011000001
010011000011
010011000001
010011001001
010011000011
010011000000
010010111110
