011111000001
011110111110
011111000000
011111001010
011110111100
011111000000
011111000001
011110111101
100000010011
011111000011
011110111100
011110111110
011111000110
011111000011
011111000110
011110111111
011110111100
011110011011
011110111101
011110111010
011110111100
011110110111
011110110010
011110110111
011110111010
011110111011
011110111110
011110111110
011110111110
011111000000
011110111111
011110110111
011110110101
011111000101
011110111110
011110111011
011110111110
011111000001
011111000010
011110111011
011110111110
011110111110
011110111111
011110111011
011110110111
011110111111
011110111100
011110111100
011110111101
011110110100
011111000001
011111000010
011110111111
011111001100
011111000011
011111000001
011110111111
011110110111
011111000000
011110111111
011110111100
011110111100
011111000010
011111000010
011110111100
011110111100
011110111011
011110111110
011110111111
011111000001
011110111110
011111000001
011110111011
011110111001
011110111001
011110111010
011110111101
011110111101
011110111101
011111000011
011111000111
011111000001
011111000111
011110111111
011110111100
011110110100
011111000010
011110111011
011110110000
011110111100
011110111011
011111000001
011110111111
011111000010
011111000101
011110111111
011110111000
011110111111
011111000011
011110111010
011111000100
011110111110
011110111111
011110110111
011110111011
011111000001
011110111110
011110111111
011111000011
011110111001
011110111101
011110111100
011110111100
011110111110
011111000000
011111000001
011111000000
011111000111
011110111001
011110111111
011110111111
011110111010
011110111101
011111000000
011110111110
011111000101
011111000100
011111001010
011110111111
011101001110
011110111111
011110111111
011111000000
011110111111
011111000011
011111000001
011111000011
011110111111
011110111111
011110111110
011110111100
011110111111
011110111110
011111000010
011110111110
011111000111
011110110011
011110111110
011110111111
011111000000
011110111011
011111000011
011110111101
011111000010
011111000010
011110111110
011110111101
011110111011
011110111111
011110111100
011110111010
011111000010
011110111111
011111000101
011111000100
011110111111
011111000101
011111000001
011110111100
011110111110
011110111111
011110111101
011111000000
011111000001
011110111110
011111000011
011110111010
011110111110
011110111100
011110111111
011110111100
011110111010
011110111100
011111000010
011110111100
011110100100
011110110111
011110111110
011111000011
011111000000
011111101010
011111000100
011111000100
011111000010
011110111111
011110111111
011110111011
011111000010
011111000011
011110111101
011110111110
011110111111
011110111111
011110111100
011111101010
011111000011
011110111000
011110111111
011110111101
011110110011
011111000010
011111000011
011110111100
011110111100
011110111111
011111001010
011110111110
011110111111
011110111111
011111000101
011110111100
011111000100
011110111111
011111000001
011110111111
011111000011
011110111101
011110111110
011111000011
011111001000
011110111011
011110111111
011110111100
011110111011
011110111100
011110111110
011111001000
011110110011
011110111100
011110111011
011111000010
011110111111
011110111010
011111000010
011111000001
011110111011
011110111011
011110110101
011110111000
011110111100
011111000001
011111000000
011110111011
011111000000
011110111100
011110111111
011111000011
011111000100
011110111110
011110111101
011110110101
011111001100
011110111011
011111000000
011111000001
011110111110
011111000000
011110111110
011111000000
011110111111
011110111100
011111000001
011111000101
011110111111
011110111100
011110111110
011110111110
011110111011
011111000011
011110111010
011111000000
011111000100
011110111100
011111000001
011111001011
011111000110
011110111110
011111001000
011110111111
011110111110
011111000001
011110111111
011111000011
011111000000
011111000010
011110111110
011110111011
011110111111
011111000011
011110111111
011111000010
011110111111
011110111100
011110111011
011110111100
011111000001
011110111110
011110111111
011111000000
011110111100
011110111111
011110110000
011110111101
011110110101
011110101010
011111000111
011110111111
011110111111
011110111111
011111000011
011110111011
011110111110
011111000010
011111000100
011110111011
011110111111
011111000001
011110111110
011110111111
011110111101
011110111110
011110111110
011110111010
011111100010
011110111110
011110111110
011111001001
011110111110
011110111111
011111000011
011111000101
011110110001
011110111110
011110111100
011110111110
011110111011
011110111111
011110111100
011111000011
011110110111
011111000110
011110111011
011110111101
011111001111
011111000100
011111000001
011110111110
011110111110
011110111110
011110111110
011110111100
011110111100
011110111111
011110111111
011110111011
011111001101
011110111111
011110111011
011110111111
011111000001
011110111101
011110110001
011110111011
011110111111
011111000011
011110111110
011111000100
011110111111
011111000010
011110111011
011110111010
011111000001
011111000010
011110111100
011110111101
011111000000
011111000001
011111000001
011110111111
011111000010
011110111011
011111001100
011111000101
011111000001
011110111100
011110111110
011110111010
011111000000
011111000010
011110111110
011110111011
011110101011
011110111101
011110111111
011111000101
011111000011
011111000100
011111000000
011111000001
011110111111
011110111010
011110111010
011110111010
011111000101
011110111100
011110101001
011110111110
011110111101
011110111100
011110111001
011111000100
011110111011
011111000010
011111000010
011110101001
011111000010
011111000011
011110110001
011110111101
011111000001
011111000101
011110111111
011110111001
011111000000
011110110000
011111000010
011110111010
011110111011
011110111111
011110110111
011110111010
011110111011
011110110000
011110111110
011110110000
011110111111
011110111110
011110111111
011111000011
011110111101
011110111111
011111000110
011111001011
011111000010
011111000011
011110111011
011111000100
011110111111
011110111111
011110111101
011111000000
011110111011
011110111110
011110111011
011110111000
011110111101
011110111110
011110111111
011111000100
011111000010
011110111111
011111000001
011110111100
011111001000
011110111100
011110111111
011110111111
011111000100
011110111100
011111000001
011110111011
011111000011
011110111100
011111000000
011110111110
011110111110
011110111111
011111000011
011110111101
011110111111
011110111110
011111000010
011111000011
011111000100
011111001100
011110111110
011110111110
011110111011
011110111111
011111000100
011110111010
011110110010
011110111110
011110111111
011110111101
011110110110
011111000000
011110111110
011111000001
011110111100
011110111110
011110111001
011111000100
011111000010
011110111111
011110111111
011110111101
011110111101
011110111101
011111000001
011110110101
011110111110
011110111010
011111000001
011101100111
011110111111
011110111101
011111000010
011110111110
011111000001
011110111000
011111000000
011110111100
011111001000
011111000010
011111001010
011111000001
011110111011
011111000011
011110111100
011111000011
011111000000
011111000000
011111000010
011111000101
011111000001
011111000111
011111000000
011110111011
011111000111
011111000010
011110110111
011111000010
011111000001
011110111100
011110111100
011111000110
011110111111
011110110110
011111000011
011110111111
011111000001
011110111111
011111000001
011110111111
011110111110
011110100110
011110111011
011110111111
011110111110
011110111111
011111000000
011110111011
011110111101
011111000010
011110111101
011110111110
011110111101
011110111101
011111000101
011111000101
011110111111
011110111111
011110111111
011111000010
011110111111
011110111110
011110111011
011111000010
011110111111
011111000001
011111000001
011111000000
011110111101
011110111110
011110111111
011110111100
011111000000
011110111111
011110111010
011111000100
011111000100
011111000011
011111000011
011110111111
011110111101
011110111110
011111000100
011111000100
011110111010
011110111011
011110111111
011111000001
011110111111
011111000011
011111001111
011111000011
011110111011
011111000010
011111000011
011110110111
011111000001
011110111001
011110111000
011111000000
011110111101
011111000001
011111000000
011110111100
011110010100
011111000111
011110111100
011111000111
011111000100
011110111111
011110111101
011111000001
011110111001
011110111101
011111000001
011110111101
011110110101
011111000001
011110111010
011110111111
011111000000
011110111011
011110111110
011111001001
011110111111
011111000011
011111000001
011110111111
011110111111
011111000111
011110111111
011110111110
011110111100
011110111111
011110111011
011111000001
011110111111
011110111101
011111000011
011110111001
011111000001
011110111110
011110111101
011111001000
011110111110
011110111111
011110111110
011110111111
011111000001
011110110100
011110111100
011110111111
011110111011
011110111010
011110111111
011111000001
011110111010
011110111111
011110110001
011110111111
011110111011
011111000101
011110111100
011111000010
011110111111
011110111111
011110111111
011111000010
011110111100
011110111111
011111000000
011110111110
011110111001
011111000000
011110111111
011110111100
011110111000
011110111111
011110111100
011110111110
011110100101
011111000010
011111000111
011111000000
011110111000
011110111101
011110111111
011110111011
011111000010
011110111001
011110111110
011111000110
011110111001
011111000010
011110110001
011111000010
011111000010
011110111111
011110111111
011110111011
011110110111
011110111100
011110111101
011111000011
011111000101
011110101101
011110111110
011111000000
011111000010
011110111110
011111000010
011110011001
011110111110
011110111010
011111000011
011111000010
011110111110
011111000000
011111000000
011111000000
011110111011
011111011110
011111011110
011110111100
011110111001
011110111110
011111000010
011111000000
011111001011
011111000100
011110111010
011111000011
011110111100
011110111101
011111001000
011111000001
011111000111
011110110110
011110111010
011110111111
011110111101
011110111000
011110110011
011110111101
011111000011
011110111111
011111000000
011110111100
011110111111
