011111000010
011111000010
011111000101
011111001000
011111000111
011111011000
011111000100
011111000001
011111000110
011111001011
011111001011
011111000011
011111000100
011111001001
011100001111
011111000000
011110111111
011111000010
011111000010
011111001010
011111000100
011111101111
011111000111
011111000011
011111000000
011111001000
011111000111
011110111111
011111001101
011111001000
011111001001
011111000101
011111000011
011111000001
011111000101
011111000011
011111000000
011111000011
011111000011
011111001000
011111001010
011111000010
011111000011
011111000000
011111001000
011111000110
011110111010
011111000110
011110111111
011111000111
011111000111
011111000011
011111000001
011111000100
011111000001
011111000111
011110111111
011111001010
011111001010
011110110011
011111000101
011111000101
011110111111
011111000101
011111001010
011111000111
011111001001
011111000111
011111000011
011111000011
011111000100
011111001000
011110111111
100000100100
011111000110
011111001000
011111000100
011111000101
011111000101
011111001000
011111001001
011111000110
011111010111
011111000111
011111000111
011111000110
011110110100
011111001011
011111000110
011111000100
011111000011
011111001000
011111001000
011111000011
011111001000
011111001010
011111001111
011110111100
011111000101
011101010110
011111010000
011110111101
011111000100
011111000100
011111000001
011111001011
011111000100
011111001001
011110110100
011111000011
011110111111
011110111100
011110111111
011111001010
011111001000
011111000000
011111000011
011111000001
011111000111
011111000100
011111000110
011111000110
011111000110
011111000100
011111001001
011111010011
011111011001
011111000001
011110111011
011111001001
011111000010
011111000110
011111000100
011110111110
011111000011
011111000010
011101010111
011111000111
011111000010
011110110001
011111111111
011111001111
011111000011
011111000100
011111000100
011111000100
011111000110
011111000110
011111000001
011111001010
011111000101
011111000010
011111000001
011111000111
011111000010
011111000000
011111000111
011111000101
011111000000
011111000110
011111001010
011110111111
011111000111
011111000011
011110111100
011111000100
011111001011
011111000111
011111000100
011111000001
011111001001
011111000100
011111001011
011111010100
011110111111
011110111011
011111000110
011111000011
011111010100
011111000101
011111000100
011111001000
011111001001
011111000101
011111000010
011111000001
011111001100
011111000010
011111000111
011110111110
011111000111
011111000010
011111000011
011111000011
011111001010
011111000011
011110111111
011111000001
011111000100
011111000011
011111000111
011111011111
011111001001
011111001010
011111000111
011111000010
011111000111
011111000100
011111000010
011111000001
011111000111
011111000010
011111000111
011111000011
011111000011
011110111101
011111001000
011110111111
011111001001
011110111111
011111000011
011110111100
011111001000
011111110000
011111000110
011111000011
011111000000
011111010100
011111000110
011110111010
011111001001
011111000011
011111001000
011111001010
011111000100
011111000010
011111000111
011110100101
011111000010
011111000001
011111000001
011110111111
011111001101
011111000011
011111000011
011111000010
011111000011
011111000001
011111001010
011111001010
011111000010
011111000110
011111000011
011111000011
011111000001
011111001001
011110111010
011111000110
011110111111
011111001000
011111000001
011111000000
011111100010
011111000010
011111000111
011111001010
011110111111
011111000011
011111000011
011111000010
011111000001
011111000110
011111000001
011111000110
011111000001
011110111111
011111001011
011111000101
011111001000
011111000110
011111010000
011111000000
011110111011
011111000010
011111000111
011111000100
011111000010
011111000100
011111000100
011111001010
011110111101
011111000000
011111000011
011111000011
011111000100
011111000011
011111000110
011111000000
011111000011
011111001001
011110111110
011111001001
011110111111
011111000011
011111000011
011110111011
011111001101
011111000110
011111001000
011111000001
011110110101
011111000110
011110111111
011111000001
011111000011
011111001000
011111000101
011111001101
011111001000
011111000100
011111000110
011110111100
011111000101
011111000100
011111000011
011111000011
011111000011
011111000111
011110111111
011111000000
011111001010
011110111011
011111000011
011110110111
011111000111
011111001000
011111000100
011111000010
011111000111
011110111010
011110111111
011111000011
011111000100
011111000111
011111000111
011110111111
011110111111
011111000110
011111000100
011111000110
011111000101
011111000001
011111000011
011111000101
011111001001
011111000000
011111000000
011111000100
011110111111
011110101101
011110111111
011111000010
011111001000
011111001000
011111000110
011111000001
011111001001
011110111110
011111000001
011111000111
011111001000
011111000110
011111000110
011110110011
011111001000
011111000010
011111000011
011111001010
011111000011
011110111111
011111000111
011111001001
011110110011
011111000101
011111000111
011111000010
011111000001
011111000011
011111001001
011111010000
011111000001
011111001000
011111000001
011110111110
011110111111
011111000111
011111000111
011111000101
011110111111
011111000111
011111000011
011110111111
011110111011
011110111111
011110111111
011110111110
011111000011
011111000011
011111000011
011111001111
011111000011
011111000101
011111000110
011111000011
011111000100
011111000100
011111000111
011110111101
011111001010
011111001001
011111000001
011111000011
011111000110
011111000010
011110110101
011111001010
011111000001
011111001011
011111000000
011111000011
011111000011
011111001000
011111001000
011111000010
011111001000
011111000010
011111001000
011111000101
011110110110
011111000011
011111000010
011110111110
011111000100
011111001000
011110111111
011111001001
011111000011
011110111001
011111000111
011111000111
011111000100
011110111100
011111000100
011111001000
011110111111
011110111001
011111000000
011110111111
011111000111
011111000011
011111000000
011111000100
011111000111
011110111111
011111000101
011111000111
011111000010
011110111110
011111001100
011110101010
011111000011
011111000101
011110111110
011110111101
011111001111
011111000100
011111000101
011111000001
011111000110
011111000100
011111000111
011111000111
011110111111
011111001000
011111000110
011111000110
011111000011
011111000000
011110111111
011111000110
011110111111
011111000100
011111000100
011110111101
011110111111
011111000000
011110111111
011110111111
011111000111
011110111111
011111000000
011110111110
011111000111
011111000000
011110111110
011111001000
011111001000
011110110101
011111000011
011111000010
011111000100
011110111111
011111001000
011111000000
011111001010
011111000000
011111000000
011111001000
011111000011
011111000001
011110111101
011110111111
011111000101
011110111111
011110111110
011111001000
011111000110
011111001101
011111001001
011110111110
011111011001
011111000000
011111000100
011111001000
011111000101
011111000011
011111000000
011111000001
011111000011
011110111111
011111000011
011110111111
011111001011
011111000011
011101110111
011111000110
011111000111
011111000111
011111000101
011111001000
011111000100
011111000001
011110111111
011111001010
011110111111
011111000100
011111000101
011111000011
011111000101
011110111110
011110111111
011110111010
011111000101
011111000010
011111001111
011110111111
011111000011
011111000011
011111000010
011110111011
011111000010
011111000010
011111000100
011111000100
011111001000
011110111111
011110111011
011111000000
011111000100
011110111111
011110111110
011110111111
011110111111
011110111110
011111000011
011111000100
011110111111
011110111111
011111001000
011110111010
011111000111
011111000111
011110111100
011111000110
011110110110
011110111100
011110111011
011111000110
011111000001
011110110100
011111000100
011110111111
011110111111
011111001001
011111000100
011110110110
011111000000
011111000010
011110111001
011111000101
011111000011
011111000000
011111000101
011111000111
011111000001
011111000001
011110111111
011110111111
011111000001
011111000011
011110111111
011111000101
011110111111
011111000110
011111000101
011111000001
011111000100
011111000011
011111000011
011110111111
011111001001
011111000010
011111000100
011110111001
011111000101
100000101010
011110101101
011110101100
011111000010
011111001000
011111010010
011111000011
011111001001
011110111111
011110111100
011111000100
011111000000
100000111110
011110111111
011111000010
011110111110
011110111010
011111000101
011111000001
011111010001
011111001000
011110111111
011110111101
011111000011
011110111111
011111000000
011111000010
011111000101
011111000001
011110111111
011111000101
011111001100
011111000101
011111000100
011111000011
011111000000
011111001010
011111000011
011111000011
