110111011110
110111011110
110111010011
110111010001
110111010110
110111100101
110111011110
110111011100
110111011000
110111011011
110111010001
110111010101
110111011110
110111011101
110111011100
111010000101
110111011001
110111010010
110111011000
110111010111
110111011100
110111011100
110111011010
110111011001
110111011010
110111010111
110111010000
110111011011
110111010111
110111011001
110111011111
110111011000
110111011010
110111011010
110111010111
110111001100
110111001110
110111010111
110111011010
110111011100
110111000000
110111011101
110111011000
110111011101
110111011100
110111010010
110111011100
111000011010
110111011111
110111011000
110111011011
110111010011
110111011100
110111010100
110111010100
110111011001
110111010111
110111010101
110111011000
110111011110
110111010100
110111011001
110111010111
110111011101
110111010011
110111011010
110111011010
110111101011
110111010111
110111010111
110111010111
110111011001
110111011000
110111011101
110111001111
110111001010
110111011001
110111011001
110111010011
110111011100
110111011010
110111011100
110111011010
110110011110
110111011011
110111100000
110111010111
110110111100
110111010111
110111010111
110111011010
110111011011
110111011001
110111010110
110111010101
110111011001
110111100000
110111011011
110111011101
110111010110
110111011011
110111011011
110111010101
110111010010
110111010101
110111011001
110111010011
110111011010
110111011011
110111011110
110111010110
110111011000
110111010011
110111011010
110111010011
110111011000
110111010100
110111010111
110111001111
110111001101
110111011110
110101001111
110111000111
110111011001
110111011100
110111011111
110111011110
110111010110
110111010100
110111010100
110111011010
110110010000
110111010101
110111010110
110111000000
110111011001
110111011000
110111100010
110111011001
110111010100
110111010011
110111010011
110111010111
110111011010
110111011001
110111011011
110111010011
110111100010
110111010110
110111010110
110111001100
110111011011
110111010011
110111010110
110111011011
110111010111
110111011101
110111010110
110111010111
110111001101
110111010000
110111010011
110111011010
110111011100
110111011010
110111010110
110111011110
110111010110
110111011111
110111011011
110111100001
110111011011
110111000001
110111010111
110111011011
110111100000
110111010011
110111010011
110111011010
110111011010
110111010111
110111011101
110111010101
110110111010
110111100001
110111010101
110111010101
110111011011
110111011001
110111001010
110111010010
110111011000
110111010100
110111010101
110111010110
110111011011
110111011000
110111100101
110111010001
110111011010
110111010111
110111011001
110111011001
110111011011
110111011001
110111101011
110111010000
110111100001
110111011001
110111001010
110111001111
110111101100
110111011011
110111011001
110111010011
110111010111
110111010010
110111010001
110111011111
110111011000
110111011000
110111010111
110111010001
110111010101
110111010110
110111001111
110111011011
110111011011
110111010011
110111011000
110111010101
110111010000
110111010110
110111011001
110111010100
110111010011
110111011101
110111010111
110111010100
110111010101
110111010101
110111010101
110111010110
110111011001
110111010110
110111010111
110111011111
110111011010
110111010100
110111011010
110111010110
110111010110
110111100000
110111010011
110111011011
110111011111
110111001110
110111100001
110111010100
110111010111
110111011010
110111011000
110111011001
110111010101
110111010111
110111010101
110111010110
110111010111
110111010011
110111010111
110111010111
110111010110
110111010111
110111010101
110111011000
110111011000
110111010110
110111010011
110111010101
110111010110
110111111011
110111011001
110111010111
110111011101
110111011010
110111001111
110111010001
110111010101
110111010111
110111010100
110111010011
110111010010
110111010100
110111011010
110111001011
110111011100
110111010011
110111010111
110111011110
110111010011
110111011010
110111011000
110111010011
110111010110
110111010110
110111011001
110111010110
110111011000
110111011011
110111010101
110111011010
110111011011
110111010110
110111001011
110111011101
110111010101
110111010010
110111011010
110111011001
110111010111
110111011000
110111010011
110111010110
110111010001
110111011101
110111011110
110111001100
110111010110
110111010010
110101100100
110111001001
110111010011
110111111000
110111100100
110111011101
110111011001
110111011011
110111010110
110111011110
110111010110
110111010010
110111011100
110111010011
110111010011
110111011001
110111011111
110111010111
110111101100
110111011010
110111010110
110111010010
111000001101
110111010100
110110111111
110111010100
110111010111
110101101111
110111010100
110111010101
110111011011
110111011011
110111010011
110111010001
110111010110
110110110011
110111010111
110111001111
110111001100
110111010111
110111011010
110111010001
110111010111
110111001011
110111011100
110111100011
110111011100
110111010110
110110010111
110111010100
110111011010
110111010101
110111010101
110111011110
110111100001
110111010111
110111010111
110111010100
110111011100
110111001100
110111011110
110111010111
110111011001
110111010110
110111011000
110111010111
110111010110
110111010011
110111010101
110111010101
110111011000
110110001000
110111011010
110111011001
110111011010
110111011000
110111011001
110111011000
110111010101
110111010111
110111100110
110111010100
110111011110
110111010011
110111010110
110111010111
110111011011
110111010011
110111011110
110111011110
110111010111
110111010011
110111011011
110111011011
110111010000
110111011000
110111001111
110111010000
110111011001
110111010110
110111011100
110111010010
110111011110
110111010101
110111011111
110111100001
110111010100
110111010110
110111010110
110111010101
110111011010
110111010101
110111011100
110111011010
110111010101
110111010101
110111010011
110111010110
110111010101
110111010011
110111010111
110111010011
110111001011
110111011011
110111010011
110111001101
110111010110
110111011100
110111011101
110111010101
110111011010
110111010110
110111010011
110111110011
110111010001
110111010110
110111010101
110111010111
110111011001
110111010110
110111001100
110111011011
110111010000
110111010100
110111010100
110111010011
110111010110
110111010110
110111010011
110111010110
110111010100
110111010010
110111010110
110110110110
110111010011
110111010110
110111010111
110111010110
110111011010
110111011011
110111011011
110111011000
110111011001
110111001111
110111011001
110111010001
110111011100
110111011010
110111011011
110111010011
110110111010
110111000100
110111010111
110111010110
110111000110
110111011000
110111011000
110111010110
110111100011
110111010111
110111010010
110111011111
110111010110
110111011000
110111010111
110111010111
110111011100
110111011000
110111011100
110111010011
110111010111
110111010001
110111010011
110111011010
110111011010
110111010001
110111010111
110111011110
110111011001
110111010111
110111010110
110111011111
110111011100
110111011000
110111001100
110111010110
110111011011
110111010100
110111010000
110111010011
110111011111
110111011111
110111010111
110111100000
110111001110
110111010011
110111010110
110111011000
110111010110
110111010001
110111010011
110111010110
110111011101
110111010011
110111010101
110111011110
110111010011
110111100010
110111010100
110111011010
110111011000
110111010111
110111010001
110111010110
110111011100
110110111001
110111010111
110111011011
110111010011
110111010110
110111010110
110111011000
110111011100
110111010110
110111010001
110111100100
110111010100
110111011010
110111010101
110111011001
110111010100
110111011011
110111011111
110111010110
110111010111
110111011011
110111010011
110111011000
110111011011
110111010101
110111011110
110111010110
110111010110
110111011100
110111011011
110111010001
110111010110
110111001001
110111010111
110111010010
110111011001
110111010101
110111010000
110111011011
110111100000
110111010111
110111011110
110111001110
110111010010
110111010010
110111011011
110111010010
110111011010
110111011101
110111010111
110111010110
110111010110
110111010000
110111011011
110111010111
110111010010
110111100111
110111011001
110111001111
110111011000
110111011001
110111001100
110111010111
110111100110
110111011001
110111010111
110111011011
110111010111
110111010111
110111011011
110111010100
110111001111
110111010110
110111011010
110111011011
110111100010
110111011010
110111011010
110111010111
110111010111
110111011010
110111011001
110111010101
110111011000
110111011000
110111011011
110111010111
110111011110
110111011111
110111011000
110111010011
110111010111
110111001111
110111011000
110111011101
110111011000
110111001001
110111011001
110111010110
110111010110
110111010011
110111010011
110111100000
110111010110
110111001110
110111010110
110111011010
110111001110
110111010011
110111010010
110111010100
110111001111
110111010011
110111011000
110111010110
110111011100
110111010011
110111010110
110111011101
110111011000
110111010011
110111011000
