110111001011
110111001011
110111000110
110111001111
110111000110
110111001110
110111000011
110111000110
110111000111
110111000100
110111001100
110111001100
110111000011
110111001010
110111000100
110111000100
110111000101
110111010000
110111000100
110110111100
110111000110
110111000010
110110110010
110111001000
110111000101
110111000101
110111000111
110111000100
110111001000
110111001100
110110111111
110111000110
110111000001
110111000010
110110111111
110111000110
110111000100
110111000000
110111000010
110111001111
110111011101
110111001000
110111000110
110110111111
110111001011
110111001100
110110111100
110111000011
110111000110
110111000110
110111001100
110111001001
110110111111
110110111111
110111001111
110111000101
110111000000
110110110110
110111001000
110111000011
110111000011
110110111110
110111000010
110111000010
110111000010
110111000000
110111000100
110110111111
110111001001
110111000111
110110111111
110111001001
110111001010
110111000101
110111011011
110111000011
110111000101
110111001000
110111001010
110111001101
111000000111
110111001110
110111000101
110111001100
110111000010
110111001011
110111011111
110111001100
110111000010
110111001110
110111010001
110111001100
110111000110
110111001000
110111001011
110110111011
110111001010
110111000110
110111000111
110111000010
110111011100
110111000101
110111001111
110111001111
110111000111
110111000101
110111000001
110110111011
110111000110
110110111111
110111000010
110111000101
110111000011
110111000110
110111000000
110111000101
110111000011
110111000110
110111001000
110111000100
110111001010
110111000011
110111110001
110111000000
110111000000
110111001111
110111000100
110111001000
110111001010
110111001110
110111000011
110110111111
110110111111
110111001000
110111000011
110110111011
110111000111
110111000101
110111000111
110111000111
110111000100
110111001111
110111010000
110111000011
110111000101
110111000010
110111000110
110111000100
110111001111
110111000110
110111000100
110111000011
110111001010
110111000010
110111000011
110111000000
110111001000
111001101100
110110111000
110111000011
110111000111
110111000101
110111000001
110111000000
110111001011
110111000100
110111000101
110111001001
110111000111
110111000100
110111001011
110110111011
110111000011
110111000100
110110111111
110111010011
110111001101
110111000100
110111000101
110111001000
110110011011
110111000110
110111000010
110111000011
110111000110
110111001001
110111001001
110111000100
110111000011
110111000010
110111000111
110110000100
110111000100
110111000111
110110111011
110111000011
110111000101
110111000011
110111000110
110111000110
110111000111
110111000110
110111001000
110111000011
110111001011
110111000111
110111001100
110111001000
110111000100
110111001001
110111000010
110111000111
110111001000
110111001010
110111000100
110110111111
110111001011
110111000011
110111000100
110111001001
110110110100
110111000100
110111001011
110111000110
110111000011
110111001000
110111000101
110111000001
110111001010
110111000100
110110111100
110111001010
110111001000
110111001000
110111000100
110111000101
110110111011
110111000001
110111000110
110111001100
110111000100
110111001001
110111001001
110110111111
110111000011
110111010010
110111000100
110111001010
110111000000
110110101010
110111001011
110111000111
110111010000
110111010000
110111000100
110111000100
110111000011
110111000100
110111000010
110111000111
110111001000
110111010011
110110111100
110110111111
110111000111
110111000111
110111010000
110111000010
110111001001
110111001000
110111001101
110111001101
110111000111
110111000110
110111000011
110111000101
110111000010
110111001011
110111000010
110111000111
110111000110
110111000110
110111000110
110111000100
110111000111
110111000010
110111001100
110111000100
110111001100
110111000101
110111001011
110111000011
110111001011
110111000110
110110111100
110110111111
110111000011
110111001110
110111001011
110111000001
110111000000
110111000100
110111001001
110111000010
110111000101
110111001000
110111001010
110111000111
110110111100
110111000110
110111000111
110111000011
110111000110
110111001000
110111001100
110110111111
110111001001
110111000110
110111000101
110111001010
110111000100
110111000100
110111000110
110111000101
110111000000
110111000111
110111001000
110111000111
110111000100
110110111111
110111010000
110111000010
110111000110
110111001111
110110110011
110111000101
110110010000
110111000100
110111001000
110111000110
110111000100
110111001110
110111001110
110111000111
110111001010
110111000010
110111000110
110111001010
110111000111
110111000011
110111000110
110111000100
110111000001
110111001000
110111000100
110111000010
110111000101
110111000111
110111000111
110110100111
110111001000
110111000110
110111010011
110111001000
110111001001
110111000100
110110111111
110111000110
110111000001
110110111010
110111000110
110111001010
110111000111
110111000101
110111000101
110110111111
110111000101
110110111111
110111001011
110111000100
110111000111
110111000110
110111011001
110111001011
110111000001
110111001111
110110111000
110111000101
110111001011
110110111111
110111000010
110111000001
110111001001
110111000111
110111000001
110111001100
110111000000
110111000111
110111000000
110111001010
110111001010
110110111001
110111000100
110111001011
110111000100
110110111011
110111000101
110111000100
110111001011
110111000110
110111000110
110111000110
110111000010
110111000110
110111000111
110111001000
110101111000
110111000001
110111000000
110111010110
110111000111
110111001111
110111001010
110111000110
110111000100
110111000111
110111000100
110111001000
110111000011
110111000101
110111000100
110110111000
110111010000
110111000010
110111001100
110111000100
110111001011
110111000101
110111001011
110111000110
110111000010
110111001000
110111000100
110111001000
110111000100
110111010101
110111000110
110111000101
110111001000
110111000000
110110110000
110111000001
110111001000
110111000011
110111001001
110111000100
110111000111
110110111101
110111001011
110111000011
110110111110
110111000001
110111000001
110111001010
110111000101
110110111011
110111000011
110111010000
110111001101
110111000011
110111000011
110111000110
110111000110
110111000011
110111000010
110101011110
110111000100
110111001011
110110111111
110111000110
110111001110
110111001011
110111000111
110111001001
110111000111
110111000100
110110111111
110111001000
110111001010
110111000111
110111000010
110110111111
110111001100
110111000100
110111000111
110111000011
110111101110
110111001010
110111000100
110111010100
110111000000
110111000000
110111001001
110111000110
110111001000
110111000010
110111000101
110111001100
110111001110
110110111111
110111000001
110111000010
110111000101
110111000111
110110111001
110111001000
110111000100
110111000101
110111000111
110111000110
110101010100
110111000011
110111000001
111001100010
110111001000
110111000010
110111001000
110111000111
110111000111
110111001111
110111000101
110111001010
110111000101
110111000110
110111000111
110111001110
110111000011
110110111110
110111000101
110111001010
110111000010
110111000011
110110100110
110111000110
110111000110
110111001100
110111000100
110110111011
110111000100
110111000111
110111011000
110110111110
110111000111
110111000010
110111000111
110111000100
110111001011
110111000111
110111001000
110111000110
110111001000
110111000100
110111000011
110111000101
110110111011
110111000110
110110111100
110111001000
110111000111
110111001100
110111000010
110111011110
110111000101
110111001010
110111001001
110111000110
110111000110
110111000100
110110110110
110111001000
110111000100
110111000011
110111001111
110111001010
110111000110
11