101000011111
101000011111
101000100000
101000011111
101000011111
101000100110
101000100001
101000100010
101000011100
101000011101
101000011111
101000011111
101000011111
101000100000
101000011111
101000100000
101000100011
101000100000
101000100000
101000011110
101000011111
101000011011
101000100001
101000101011
101000011101
101000100101
101000100001
101000100110
101000100110
101000100010
101000100011
101000011110
101000100001
101000100000
101000100000
101000101000
101000100010
101000100011
101000011010
101001100001
101000100001
101000100000
101000100110
101000011111
101000100001
101000011111
101000100000
101000100010
101000100010
101000010010
101000011110
101000101000
101000100001
101000010011
101000100100
101000100011
101000011110
101000011110
101000100000
101000100000
101000100000
101000100001
101000100010
101000011111
101000011011
101000011100
101000011111
101000101100
101000011110
101000011110
101000100000
101000010100
101000011001
101000100101
101000011111
101000011101
101000100011
101000010100
101000001111
101000100010
101000100000
101000101110
101000100011
101000100110
101000100011
101000101011
101000100000
101000100011
101000011110
101000011111
101000011101
101000010011
101000100000
101000100000
101000100000
101000101000
101000100011
101000100010
101000011111
101000011100
101000100001
101000100110
101000011110
101000011110
101000100010
101000100000
101000100100
101000100010
101000100000
101000011111
101000100010
101000011100
101000100100
101000100010
101000100110
101000100010
101000100101
101000100010
101000011111
101000100111
101000011100
101000011111
101000100111
101000011100
101000011100
101000100011
101000100011
101000100111
101000011111
101000100000
101000011010
101000100011
101000011111
101000011101
101000100100
101000011001
101000011010
101000010100
101000100101
101000011101
101000100000
101000101000
101000100000
101000100001
101000100000
101000100010
101000011001
101000011100
101000011101
101000100001
101000011110
101000100000
101000100000
101000101111
101000011011
101000100011
101000101011
101000011010
101000011111
101000100001
101000100000
101000011100
101000100001
101000101000
101000100001
101000100110
101000100111
101000001110
101000100011
101000011010
101000100000
101000100000
101000100000
101000011101
101000101110
101000011101
101000100000
101000010011
101000100010
101000100010
101000100000
101000100111
101000100001
101000100101
101000111111
101001000010
101000011110
101000101110
101000100010
101000011111
101000100011
101000100010
101000011101
101000101001
101000011100
100101111101
101000011111
101000011111
101000011111
101000100011
101000100000
101000100010
101000011111
101000011110
101000100011
101000011111
101000100000
101000100010
101000011100
101000100000
101000101000
101000011111
101000100000
101000100100
101000100100
101000100001
101000100011
101000011110
101000100110
101000100001
101000100110
101000011111
101000011111
101000110110
101000100000
101000011110
101000011111
101000100001
101000110011
101000101000
101000101101
101000100000
101000011110
101000100100
101000100100
101000011110
100111111111
101000100100
101000011111
101000100100
101000100110
101000011111
101000110000
101000100110
101000011101
101000100011
101000011101
101000011111
101000011111
101000011111
101000011011
101000100010
101000110000
101000011100
101000011011
101000101000
101000101110
101000101001
101000100110
101000011111
101000100100
101000100101
101000100101
101000100101
101000100000
101000100000
101000100100
101000100001
101000100001
101000100101
101000011110
101000100000
101000100000
101000100001
101000100000
101000100000
101000100111
101000011111
101000100011
101000011111
101000011111
101000100001
101000001100
101000100000
101000011111
101000100101
101000100100
101000100010
101000100010
101000100010
101000100010
101000100011
101000100001
101000100000
101000100111
101000100100
101000100001
101000100011
101000100111
101000100010
101000011100
101000100000
101000010111
101000011000
101000011111
101000100011
101000100000
101000100000
101000100011
101000100010
101000100001
101000100001
101000100000
101000100111
101000011111
101000100100
101000100010
101000100111
101000100100
101000100010
101000100011
101000011111
101000100111
101000100001
101000011111
101000100100
101000011001
101000100001
101000100011
101000100001
101000011111
101000100001
101000100100
101000100010
101000100100
101000100011
101000100011
101000100011
101000100010
101000100010
101000100000
101000100110
101000011011
101000011110
101000100100
101000101011
101000011100
101000100001
101000100000
101000100001
101000110100
101000100010
101000100000
101000011010
101000011111
101000100000
101000100010
101000100010
101000100101
101000101110
101000010000
101000011111
101000100000
101000011110
101000100110
101000100111
101000100001
101000011110
101000100001
101000101001
101000100001
101000101000
101000011101
101000101000
101000100110
101000100000
101000100111
101000011011
101000011111
101000011110
101000100011
101000011111
101000011011
101000011111
101000100100
101000011111
101000101011
101000100111
101000101000
101000011111
101000100001
100111100000
101000011100
101000100000
101000101000
101000100011
101000100111
101000100001
101000000110
101000100110
101000100000
101000100010
101000011100
101000100001
101000100010
101000100100
101000101010
101000011111
101000011011
101000011111
101000100110
101000100000
101000100011
101000100110
101000100101
101000101000
101000011111
101000100010
101000100100
101000011111
101000011011
101000011101
101000100110
101000011110
101000100100
101000100110
101000100111
101000100011
101000011110
101000011100
101000100100
101000100110
101000011100
101000100101
101000100100
101000011110
101000101110
101000011010
101000100011
101000110110
101000001101
101000011110
101000111010
101000110000
101000100100
101000011111
101000100101
101000011001
101000011111
101000011011
101000101001
101000110011
101000100010
101000011100
101000100011
101000100011
101000100010
101000100110
101000100110
101000100001
101000100011
101000001001
101000100010
101000100011
101000110011
101000011100
101000100001
101000011111
101000100101
101000011110
101000100011
101001110100
101000100010
101000100011
101000100010
101000011010
101000011111
101000110101
101000010100
101000011010
101000110100
101000011111
101000011011
101000100011
101000100011
101000100000
101000101011
101000100001
101000100010
101000100011
101000100101
101000101110
101000100000
100111110001
101000100101
101000010010
101000101101
101000100010
101000100100
101000011100
101000011000
101000011110
101000100100
101000011110
101000100000
101000011011
101000011110
101000011101
101000011000
101000011111
101000100011
101000010100
101000101111
101000100011
101000011111
101000101011
101000011110
101000011111
101000100100
101000011100
101000101010
101000100011
101000100011
101000100000
101000100000
101000100001
101001100101
101000100111
101000100110
101000100010
101000100000
101000101001
101000011100
101000010111
101000100110
101000011101
101000100100
101000011111
101000011100
101000011101
101000100011
101000011100
101000100010
101000100100
101000100001
101000100010
101000100100
101000011100
101000101111
101000011101
101000011000
101000101001
101000011011
101000100011
101000011111
101000101000
101000100110
101000100000
101000100000
101000110001
101000100100
101000100011
101000011011
101000010100
101000100100
101000011111
101000011111
101000100100
101000100100
101000011001
101000100110
101000100010
101000100010
101000100111
101000011111
101000011111
101000011100
101000100000
101000100000
101000011011
101000100100
101000100100
101000100010
101000100000
101000100011
101000011101
101000100001
101000011111
101000011010
101000011011
101000100001
101011000100
101000011110
101000101100
101000100000
101000011011
101000100101
101000100111
101000011100
101000100111
101000100010
101000100000
101000011111
101000101000
101000010001
101000011100
101000100011
101000011111
101000011011
101000101010
101000110010
101000100000
101000101010
101000100000
101000100000
101000101001
101001001100
101000100010
101000011101
101000011111
101000100100
101000100011
101000100010
101000100010
101000001110
101000100010
101000100101
101000011110
101000100001
101000100110
101000101110
101000011100
101000100101
101000011010
101000011100
101000011100
101000011010
101000100100
101000101000
101000011111
101000011111
101000011111
101000011011
101000100011
101000100011
101000100100
101000100010
101000100111
101000100100
101000100011
101000010110
101000100000
101000100010
101000100011
101000100111
101000100010
101000100111
101000100101
101000011000
101000100100
101000100011
101000100000
101000100011
101000011011
101000100000
101000101100
101000100000
101000100100
101000011101
101000011111
101000011100
101000011101
101000011101
101000101000
101000011100
101000100001
101000100011
101000100011
101000100001
101000011111
101000100011
101000100001
101010111110
101000011111
101000011110
101000100011
101000100100
101000011010
101000100011
101000100100
101000100001
101000100010
101000100011
101000100111
101000100010
101000100001
101000100100
101000011001
101000100001
101000100000
101000011000
101000011101
101000100010
101000011110
101000100110
101000100001
101000011011
101000100010
101000011110
101000011110
101000100010
101000100000
101000100011
101000101110
101000011111
101000011111
101000011111
101000011110
101000100010
101000100111
101000011010
101000100011
101000100000
101000101100
101000100000
101000100000
101000100000
101000100011
101000100011
101000100000
101000011100
101000100001
101000101101
101001100101
101000100101
101000100100
101000100100
101000011111
101000100011
101000010111
101000011111
101000100000
101000000001
101000011111
101000100100
101000011101
101000101010
101000100001
101000011111
101000100001
101000100010
101000101100
101000100100
101000100001
101000011010
101000011011
101000001111
101000100110
101000100010
101000100100
101000100110
101000011111
101000100010
101000100011
101000100010
101000100011
101000100001
101000100001
101000011000
101000100111
101000100001
101000011011
101000100000
101000011100
101000100000
101000100011
101000011111
101000011001
101000101001
101000100000
101000100101
101000100000
101000100000
101000100011
101000011101
101000100011
101000011111
101000011100
101000011111
101000100000
101000011011
101000100000
101000100010
101000100100
101000101010
101000010110
101000011111
101000100111
101000011100
101000110101
101000100000
101000011111
101000100011
101000101111
101000100010
101000100111
101000100000
101000010111
101000011111
101000100000
101000011110
101000011110
101000011011
101000011111
101000011110
101000100001
101000011101
101000111100
101000100101
101000100111
101000011100
101000100000
101000011100
101000100001
101000100011
101000100110
101000100010
101000011110
101000100111
101000100010
101000011101
101000011110
101000011110
101000011011
101000100000
101000011111
101000100010
101000100010
101000010101
101000010101
101000011110
101000101100
101000011100
101000100001
101000100000
101000011111
101000100100
101000100000
101000100001
101000011111
101000011011
101000011111
101000011111
101000101001
101000100100
101000100000
101000100101
101000011110
101000011100
101000100101
101000010100
101000011100
101000010110
101000011011
101000011111
101000011111
101000011110
101000011111
101000100101
101000100001
101000100010
101000011001
101000100011
101000100011
101000011000
101000101011
101000011111
101000100001
101000011110
101000101000
101000100100
101000100111
101000011111
101000100011
101000011101
101000011101
101000100101
101000100000
101000100011
101000011110
101000100111
101000100000
101000011111
101000101001
101000011101
101000100000
101000011110
101000100110
101000100000
101000100000
101000011100
101000100000
101000100101
101000100010
101000100011
101000011101
101000100001
101000100110
100111110100
101000011110
101000100011
101000011011
101000011101
101000101010
101000100001
101000100000
101000100011
101000101001
101000100001
101000101001
101000011001
101000011111
101000101011
101000100110
101000011111
101000101001
101000011111
101000100100
101000011101
101000100011
101000011100
101000011011
101000100000
101000101101
101000011111
101000100101
101000100001
101000100010
101000011110
101000011110
101000001111
101000110010
101000100101
101000100001
101000100101
101000011111
101000100011
101000100000
101000101011
101000101101
101000011111
101000100000
101000100110
101000101010
101000100010
101000011110
101000011110
101000011110
101000100000
101000100110
101000011111
101000100000
101000100010
101000100011
101000011111
101000100011
101000100011
101000011100
101000100100
101000011111
101000011011
101000010001
101000110100
101000100011
101000100110
101000011100
101001010011
101000100111
101000100000
101000100010
101000100011
101000101000
101000100101
101000011111
101000100000
101000100010
101000100101
101000100010
101000010111
101000100000
101000100000
101000100010
101000110101
101000101000
101000011110
101000100110
101000011110
101000011111
101000011111
101000100000
101000011111
101000011111
101000100011
101000100101
101000100000
101000100010
101000100100
101000100000
101000100110
101000011111
101000100000
101000100100
101000100001
101000011111
101000011110
101000100010
101000101000
101000100000
101000100000
101000100001
101000100010
101000011011
101000011010
101000101000
101000100100
101000011111
101000100011
101000011111
101000101001
101000100101
101000001001
101000011011
101000100010
101000101001
101000011011
101000100111
101000100010
101000100111
101000011011
101000101100
101000010110
101000011010
101000100010
101000100010
101000100010
101000100010
101000100010
101000100000
101000100010
101000110111
101000010010
101000100001
101000100001
101000101001
101000100011
101000100010
101000100010
101000100111
101000011111
101000011111
101000011110
101000100100
101000011011
101000011111
101000011100
101000100101
101000010111
101000100000
101000100010
101000100000
101000100110
101000100100
101000011111
101000100010
101000111010
101000011111
101000011101
101000100011
101000100010
101000100100
101000011011
101000011100
101000100101
101000100010
101000011100
101000101000
101000011111
101000100010
101000100111
101000100001
101000011111
101000010001
101000011101
101000110110
101000100110
101000100110
101000100100
101000100000
101000100001
101000100011
101000101000
101000100000
101000100100
101000011100
101000101010
101000100001
101000100001
101000101000
101000100011
101000011110
101000100101
101000100101
101000100100
101000100001
101000100100
101000011101
101000011111
101000011111
101000100011
101000100111
101000100001
101000100010
101000100110
101000011110
101000100111
101000011111
101000100010
101000100110
101000011111
101000100101
101000100100
101000100000
101000100111
101000011111
101000100100
101000011100
101000011111
101000011111
101000100001
101000011011
101000100010
101000011111
101000100011
