001010100111
001010100111
001010100111
001010100110
001010100111
001010100010
001010101001
001010100000
001010100011
001010000111
001010100111
001010100111
001010101000
001010011110
001010100110
001010101110
001010011111
001010100100
001010100110
001010101010
001010100011
001010100010
001010100011
001010100111
001010100100
001010101010
001010011101
001010011110
001010100001
001010011111
001010100111
001010011101
001010100011
001010100101
001010100101
001010100101
001010100110
001010011111
001010100001
001010011111
001010011101
001010100011
001010100111
001010011101
001010100000
001010100110
001010101010
001010100011
001010100001
001010100110
001010100010
001010100101
001010100100
001010100100
001010011110
001010101001
001010100001
001010110110
001010100010
001010100000
001010010011
001010101010
001010101011
001010100000
001010100110
001010011101
001010100011
001010100100
001010100100
001010011100
001010100011
001010101000
001010100100
001010100000
001010100111
001010100011
001010101010
001010101100
001010100111
001010101000
001010100010
001010100111
001010100111
001010100110
001010100010
001010100011
001010100110
001010100011
001010100010
001010101111
001010100100
001010011111
001010100100
001010010010
001010100010
001010100100
001010011101
001010100011
001010100011
001010100001
001010100001
001010100100
001010100011
001010011111
001010100111
001010100010
001010100100
001010101011
001010100110
001010011101
001010011111
001010011011
001010100010
001010011111
001010101011
001010100010
001010101000
001010100110
001010100010
001010100110
001010011100
001010100001
001010011110
001010100011
001010100010
001010100011
001010101001
001010100100
001010100010
001010100010
001010011001
001010100111
001010100110
001010100100
001010011001
001010011111
001010101000
001010100101
001010100110
001010101000
001010100010
001010100000
001010010111
001010100101
001010100111
001010100001
001010100110
001010100110
001010100101
001010011111
001010100010
001010100011
001010011011
001001000110
001010100100
001010011111
001010100001
001010101010
001010011111
001010100100
001010100111
001010100011
001010100111
001010011011
001010100111
001010100111
001010100010
001010100110
001010100100
001010011111
001010101000
001010100101
001010100111
001010100011
001010100001
001010101010
001010100111
001010100000
001101010111
001010011111
001010100101
001010100100
001010100110
001010100010
001010100101
001010100100
001010100110
001010101000
001010100101
001010100100
001010011001
001010011111
001010011000
001010101001
001010101101
001010100000
001010100011
001010011011
001010100001
001010100010
001010011001
001010101001
001010011111
001010100100
001010100110
001010100110
001010011100
001010100010
001010100010
001010111000
001010100110
001010011000
001010011110
001001100100
001010101111
001010010001
001010100100
001010100010
001010100010
001010100110
001010110011
001010010110
001010100100
001010100100
001010100100
001010010101
001010011000
001010100011
001010011110
001010101000
001010100000
001010100100
001010100111
001010011110
001010100101
001010100110
001010100101
001010010011
001010100010
001010011110
001010100101
001010100000
001010011110
001010100010
001010100010
001010100000
001010100010
001010100111
001010100111
001010011111
001010101000
001010100110
001010100100
001010100100
001010011111
001010100111
001010100011
001010011000
001010100110
001010011101
001010100011
001010010000
001010100101
001010100001
001010100011
001010100000
001010011110
001010101000
001010101010
001010100111
001010100010
001010100100
001010100010
001010100101
001010100100
001010101010
001010100000
001010100000
001010011111
001010011111
001010011101
001011011100
001010100011
001010011011
001010100101
001010100010
001010011100
001010100011
001010101000
001010011010
001011100110
001010100011
001010100011
001010100011
001010100100
001011000100
001010100100
001010100001
001010100001
001010101010
001010100000
001001111111
001010011111
001010100100
001010101000
001010100111
001010100011
001010100000
001010100011
001010011110
001010100101
001010100010
001010100001
001010101111
001010101001
001010100000
001010100111
001010100001
001010100110
001010011111
001010101010
001101001111
001010101001
001010011111
001010100111
001010100101
001010100101
001010100111
001010011111
001010011110
001010100110
001010100000
001010100010
001010100100
001010011111
001010100010
001010100001
001010100001
001010101001
001010101011
001010100010
001010100010
001010101000
001010100011
001010101001
001010010011
001010101000
001010100100
001010100101
001010100000
001010100100
001010101000
001010100110
001010100010
001010011111
001010011110
001010101100
001010100110
001010011111
001001110101
001010101110
001010101001
001010100111
001010100100
001010011101
001010011100
001010101010
001010011110
001010101000
001010011011
001010100100
001010101010
001010100010
001010100111
001010110000
001010100010
001010100100
001010100001
001010100100
001010011101
001010100000
001010100010
001010100001
001010101100
001010100111
001010100011
001010100100
001010100100
001010100000
001010100101
001010100110
001010100011
001010100011
001010100011
001010100111
001010101100
001010100011
001010100111
001010101000
001010100000
001010100001
001010100010
001010101000
001010011011
001010100111
001010101000
001010100010
001010100111
001010100000
001010100001
001010100100
001010101010
001010100110
001010101001
001010101001
001010100000
001010011111
001010100101
001010100011
001010101000
001010100010
001010100001
001010101000
001010100011
001010101011
001010100001
001010011001
001010011110
001010011111
001010101000
001010011101
001010011110
001001101001
001010101000
001010100001
001010101110
001010100001
001010100000
001010100010
001010111010
001010011010
001010010101
001010100101
001010100100
001010101001
001010100101
000111111001
001010100110
001010100100
001010101001
001010100011
001010100000
001010011111
001010100001
001010110100
001010100011
001010100101
001010100101
001010100001
001010100011
001010100011
001010100010
001010100111
001010100101
001010100010
001010100001
001010101110
001010100111
001010011000
001010100111
001010100001
001010011111
001010100011
001010101010
001010101010
001010100011
001010100001
001010100001
001010101110
001010011111
001010101100
001010100011
001010100100
001010001111
001010011011
001010100000
001010011111
001010011100
001010100100
001010100001
001010100011
001010100100
001010100001
001010100001
001010100101
001010100001
001010100011
001010100100
001010011110
001010101101
001010101011
001010100111
001010100111
001010010010
001010100001
001010100001
001010101000
001010101000
001010011011
001010100100
001010100110
001010100000
001010100110
001010100001
001010100100
001010100001
001010100100
001010100111
001010011111
001010011111
001010100110
001010010010
001010101000
001010100110
001010101111
001010011110
001010011111
001010100100
001010100100
001010101001
001010100111
001010100011
001010100011
001010011101
001010100011
001010100110
001010100011
001010101001
001010101010
001010100010
001010101011
001010100110
001010011100
001010101000
001010100010
001010011111
001010011100
001010101000
001010101011
001010101010
001010100000
001010100110
001010011111
001010101000
001010100101
001010100110
001010111011
001010101001
001010011111
001010100100
001010101001
001010011010
001010100111
001010100000
001010100011
001010101011
001010101011
001010100100
001010100111
001010100101
001010100011
001010100011
001010100110
001010101001
001010101101
001010100101
001010100101
001010100000
001010100001
001010100011
001010100110
001010100101
001010100011
001010100110
001010101001
001010100100
001010100101
001010100100
001010100011
001010011111
001010011111
001010011111
001010101000
000111111100
001010100100
001010100100
001010101000
001010011111
001010100001
001010100100
001010011001
001010011111
001010100100
001010100000
001010101000
001010100011
001010101111
001010100001
001010101010
001010100100
001010100011
001010100000
001010000111
001010101000
001010101010
001010100001
001010101011
001010100111
001010100011
001010011110
001010100100
001010000110
001010101010
001010100011
001010100000
001010011101
001011001001
001010100110
001010100001
001010100000
001010101110
001010100011
