011100110110
011101000011
011100101011
011100111100
011100110110
011100100011
011100101101
011100110100
011100100101
011100101111
011100111001
011100111001
011101000010
011100110001
011100111001
011100110000
011100111000
011100110011
011100100101
011100110111
011100110010
011100100010
011100000100
011100111011
011100110001
011100111001
011100011110
011100101000
011100101010
011100111010
011011111101
011100101100
011100110011
011100110001
011100111011
011100111010
011100110110
011101011011
011100101110
011100110110
011100100101
011100100011
011100110011
011100111001
011100111111
011100111011
011100111010
011100110001
011100101000
011100101111
011100110100
011100010010
011100101100
011100101011
011100011100
011100110110
011100101110
011100110001
011100110001
011100110111
011100110111
011100110001
011100111110
011100111110
011100111111
011100101111
011100111001
011100110111
011100101011
011100101011
011101000101
011100101111
011100110011
011100111010
011100101001
011100101110
011100101110
011101000011
011100110001
011100111000
011101000110
011100110010
011100110101
011100111011
011100101110
011100110010
011100110000
011010100110
011100111001
011100110010
011100110000
011100110110
011101101101
011100101110
011100100110
011100110111
011100101011
011101001001
011100111011
011100111000
011100101101
011100100000
011100101001
011100101111
011100111110
011100110000
011100111101
011100101100
011100100001
011100111100
011100101101
011100011111
011100110000
011100101010
011100111000
011100110100
011101000000
011101000000
011100101001
011100110110
011100101011
011100101010
011100101101
011100011111
011100101001
011100111110
011100101101
011100110100
011100110010
011100101100
011100111001
011100101110
011100101110
011100101111
011100110011
011100110010
011100110101
011100101111
011100110010
011100110110
011100110001
011100011001
011100101111
011100111011
011101000001
011101010011
011100111101
011100111001
011100110011
011100101011
011100110010
011100000001
011100000010
011100110100
011101000110
011100111001
011100110011
011011111110
011100101100
011100110000
011100100101
011100111101
011100111010
011100111010
011101010101
011100110001
011101100001
011100111010
011100101001
011100100011
011100110000
011101001000
011100111011
011100111011
011100011111
011100111101
011100011100
011100100011
011100101001
011101000000
011110001100
011100011110
011100110001
011100110000
011100111101
011100110000
011100110010
011100111010
011100101111
011101000000
011101000010
011011111111
011101001011
011100101000
011100110011
011100100010
011100110010
011100110111
011100101010
011100101111
011100111011
011101000110
011100111111
011101000011
011100101010
011100100111
011100110100
011100110111
011100101010
011100111011
011100110100
011100101111
011011111111
011100101100
011100110100
011100100001
011100101011
011100110011
011100110100
011100110110
011100110110
011100110001
011100110111
011100110000
011101000100
011100111010
011100110010
011100111000
011100110011
011100101011
011100101011
011100101001
011100110010
011100011111
011100101010
011100110111
011100110100
011100110100
011100110110
011100101010
011100100100
011100101100
011100101111
011100100110
011100101110
011100110010
011100110101
011100110000
011100101101
011100101111
011100110001
011100110001
011100111001
011101000110
011101000111
011100110111
011100101101
011100101011
011100101011
011100101010
011100100011
011100111010
011100111010
011100101011
011100111111
011100000000
011100101111
011100101110
011100101010
011100110001
011100110111
011100101111
011100111110
011100111001
011100101011
011101001010
011100101110
011100111101
011100101011
011100110100
011100110011
011100111100
011100110101
011100110101
011100110011
011100111110
011100110000
011100101010
011101001111
011100111000
011100111011
011100110100
011100100101
011100110110
011100110100
011100101111
011100111010
011100110010
011101000000
011100111100
011100111000
011100110001
011100101011
011100101101
011100101100
011100100110
011100101110
011101001011
011100110010
011100101101
011100100011
011100110111
011100110111
011100100001
011100110001
011100110001
011100011010
011100110010
011100110011
011100111100
011100111001
011100101111
011100110111
011100101111
011100101101
011100101001
011100100000
011100101101
011101000110
011011110011
011100101101
011100101101
011100110110
011100101111
011100111010
011100110011
011100100100
011100110010
011101000100
011100111111
011100110001
011100101111
011100100011
011100110111
011100110110
011100111010
011100110011
011100100101
011100110110
011100110101
011100101111
011100111000
011100100110
011110001000
011100111011
011101000000
011100110110
011101000100
011100110000
011100101011
011100100110
011100101111
011100011010
011100101010
011100111000
011100101111
011100010100
011100100010
011100101011
011100110001
011100101111
011100101011
011100101110
011100100010
011100111011
011100111010
011100110101
011100110000
011100101100
011100110001
011100101110
011100111011
011100110000
011100111110
011100110101
011100101101
011100111101
011100101011
011101000100
011100110100
011100101100
011100110000
011100110110
011100110011
011100101111
011100101111
011100101100
011100101100
011100100110
011100101111
011100110001
011100111010
011100111000
011100101111
011100111010
011100101001
011100101010
011100110011
011100110111
011101000010
011100110100
011101000101
011100101001
011100101011
011100110110
011100111001
011100110100
011100100011
011101001000
011100111010
011100100011
011100110010
011100110010
011100100110
011100100110
011100110100
011100110110
011100110100
011100101110
011100100101
011100110101
011100101110
011101000100
011100101000
011100101111
011100110100
011100110000
011101000111
011100111010
011100110010
011100100011
011100101011
011100110100
011100100101
011100111011
011100110010
011101100111
011100110101
011100110111
011100111011
011100101111
011100100011
011100110110
011100101111
011100100100
011100111101
011100111110
011100110111
011100110010
011101000111
011100101111
011101000011
011100111001
011100101011
011101101011
011100111010
011100111100
011100110011
011100110111
011100110111
011100111000
011100101100
011100111111
011101000001
011100110001
011100110110
011101100000
011100111101
011100111000
011100100011
011100101101
011100110110
011100111011
011101001000
011100100111
011100111011
011100111001
011101011001
011100101010
011100101010
011100100000
011100110111
011100111110
011100101000
011100110001
011101001011
011101001011
011100111000
011100110110
011100101111
011100111000
011100101100
011101000111
011100101100
011100110011
011100101111
011100110000
011100101000
011100110100
011100111000
011100111111
011100101011
011100101001
011100111010
011110011001
011100101111
011100101101
011100101101
011100101011
011100101011
011100110001
011100110011
011100101011
011100101111
011100110100
011101001110
011100101001
011100111110
011100101101
011100101011
011100110111
011100110010
011100100011
011100111011
011100110111
011100110100
011100100101
011100111010
011100110010
011100111011
011100110100
011100101101
011100110000
011100110011
011100110000
011100101110
011100111001
011100011010
011100111000
011101000010
011100110010
011011110010
011100101010
011100110001
011100110100
011100101100
011100111001
011100110011
011100111011
011100110011
011100100110
011100110000
011100111010
011100111011
011100110011
011100110111
011100111011
011101000001
011100101011
011100101100
011100111100
011100110011
011100110100
011101101111
011100110100
011101001011
011100101111
011100101000
011100101110
011100110101
011100100011
011100111001
011100101110
011100110000
011100110011
011100111110
011100111101
011100110001
011100101110
011100101110
011100110000
011100111000
011100110001
011101000010
011100111101
011100100010
011100001110
011100100011
011100111101
011100101101
011100110000
011100110101
011100110011
011100110110
011100110110
011100101010
011100100101
011100111011
011100110001
011101010111
011100110101
011100111010
011101000101
011100101110
011100111001
011100110011
011100111001
011100101010
011100110011
011100110110
011100110011
011100110111
011100111010
011100100010
011100100001
011100110111
011100101011
011100101100
011100111101
011100100111
011100110101
011100110110
011100110001
011011111000
011100110100
011100101001
011100110101
011100101011
011100111111
011100110100
011100111010
011100110010
011100010101
011100111000
011100100111
011100101101
011100101110
011100111000
011101000011
011100111010
011101001011
011100110110
011100111010
011100101110
011100101101
011100101000
011100110111
011100111100
011100101101
011100110100
011100011111
011100101110
011100111000
011100110111
011100111111
011100101111
011100110011
011100111001
011100111011
011100110010
011100110010
011100111011
011100101111
011100110010
011100111000
011100110000
011100110000
011100110101
011100110010
011100100111
011100101001
011100110110
011100110000
011100110000
011100110010
011100111001
011100110011
011100110011
011100110001
011100111010
011100101010
011100100010
011100101010
011100111100
011100111111
011100110011
011100111111
011100101110
011100110100
011100100111
011100101110
011011101100
011100110010
011101000011
011100111011
011100110011
011100101001
011100111111
011100111010
011100100101
011100101111
011100110000
011100110101
011100110001
011100100110
011100110010
011101001101
011100101111
011100110001
011100101010
011100100110
011100110001
011100110111
011100110111
011100111010
011100111001
011100110100
011100100111
011100110011
011010111011
011101000001
011100101010
011100110101
011100110010
011100101111
011100111000
011100110010
011100101111
011100100110
011100101001
011100101101
011100110011
011100100100
011100100111
011100110001
011100101000
011100101111
011100101111
011100111000
011100110001
011100110111
011101001011
011100110100
011100100111
011100101001
011100110100
011100111011
011100101110
011100101110
011100111110
011100101110
011100110110
011100101110
011100110011
011100101011
011100110011
011101000000
011100111010
011100110010
011100101011
011101111110
011100110010
011100111001
011100110101
011100101111
011100110100
011100110000
011100110110
011100100011
011100101101
011100101010
011100110000
011100111001
011010111100
011101000001
011100101000
011101010001
011100110111
011100111101
011100110011
011100111011
011100111010
011100100100
011100100011
011110000010
011100110111
011100110010
011100101111
011100111100
011100110111
011100100110
011100101011
011100101010
011100101100
011100101101
011100111010
011100110111
011100110101
011100110111
011100110011
011100101111
011100101000
011100110010
011100110001
011100101111
011100100011
011101000001
011100101100
011100110000
011100011011
011100101001
011100100100
011101000101
011100101111
011101000011
011101000000
011100110011
011100110000
011100101111
011100101101
011100100110
011100100110
011100111110
011100111011
011100110011
011100110011
011100101000
011100101010
011100110100
011101001101
011100111010
011100110111
011100100010
011101000100
011100101110
011100110001
011100100011
011100110110
011100110010
011100111100
011100101110
011101010000
011100110001
011101000001
011100110011
011100111010
011100110111
011100111011
011100110001
011100111010
011100110011
011100101110
011100101110
011100101011
011100101011
011100111100
011101011000
011100111110
011100110111
011100101011
011101011010
011101001111
011100100101
011100111101
011100101000
011100110010
011100101011
011100110111
011100111011
011100110101
011100100101
011100100110
011100100000
011100111000
011100010100
011100111010
011100111011
011100110010
011100101111
011100010010
011100110001
011100110100
011100100110
011100101011
011100110000
011100111011
011101000000
011100101001
011100111000
011101010011
011100101111
011100110010
011100011101
011100101111
011100111100
011100101110
011100101111
011100110011
011100101110
011100101011
011100100100
011100101011
011100110110
011100111000
011100110100
011101000111
011100111010
011011100101
011100101011
011100111000
011100101011
011100110100
011100111100
011100110110
011100110111
011100111001
011100101110
011100110110
011100111110
011100101100
011100100011
011100111111
011100110011
011100100010
011100110011
011100111100
011100101101
011100101111
011100111010
011100111000
011100100010
011100101100
011100110000
011101000011
011100101111
011100101111
011100100101
011100101011
011100101011
011100111101
011100101111
011100110101
011100101111
011100101101
011100111011
011100110011
011100101110
011100101001
011100111000
011100110110
011100111000
011100001000
011100111011
011100111011
011100110001
011100100010
011100111111
011100101111
011100111111
011100111101
011100100011
011100110101
011100101110
011100110000
011100101011
011100000101
011100101111
011100101111
011100110110
011100111010
011100111010
011100110000
011100100100
011100101101
011100100101
011100101110
011100100111
011100101111
011100110101
011100110111
011101000000
011100111001
011100100101
011100101110
011100110000
011100110110
011100111000
011100111011
011100111110
011100101001
011100101011
011100110101
011100111000
011100110011
011100100101
011100011010
011100110011
011100110110
011100101100
011100110010
011100101100
011100111101
011101000000
011100110101
011101000110
011100100111
011100111000
011100110011
011100100100
011101000010
011100110100
011100110000
011100101011
011100110011
011100101110
011100101110
011100111010
011100110000
011100100110
011100110010
011101000000
011100100111
011100101010
011100110111
011100111000
011100111010
011100100100
011011101011
011100101001
011100110100
011100101011
011101000100
011100111111
011100110001
011100110101
011100110011
011100101101
011101000011
011100111001
011100110001
011100110110
011101001111
011100110100
011100111111
011100111010
011100101011
011101000111
011100110011
011100110011
011100111011
011100110110
011100111110
011100110100
011100111000
011100101011
011101001110
011100111000
011100101111
011100101001
011101000011
011100101101
011100101111
011100111111
011100101011
011100101001
011100110101
011100110010
011100110001
011100110000
011101000000
011100110101
011101001100
011011010100
011100101101
011100101110
011100110111
011100100010
011100101100
011100100111
011100110110
011100101111
011100110110
011100110000
011100111110
011100111010
011100101111
011100011100
011100110110
011100110101
011100101011
011100101100
011101000001
011100110111
011100101100
011100110000
011100100001
011100101111
011100110110
011100110111
011100100110
011100101110
011100110001
011100101111
011100101010
011100101110
011100100111
011100101111
011100111010
011101000001
011100110111
011100111111
011100101110
011100110110
011100111100
011100111000
011101000000
011100101110
011100110011
011100101111
011101000111
011100111010
011100111011
011100101100
011100110110
011101000000
011100110101
011100101101
011101000010
011100101000
011100101001
011100101101
011100111000
011100101111
011100111011
011100111101
011100111001
011100111111
011100001100
011100110101
011100111000
011100110011
011100011111
011100110000
011100101001
011100101010
011100111001
011110100100
011100010010
011100110010
011100110111
011100111101
011100111000
011100110100
011100110101
011100110110
011101000110
011100100111
011100110010
011100100101
011100111011
